0000000                 0               0               1               0
0000020                 2               0               3               0
0000040                 4               0               5               0
0000060                 6               0               7               0
0000100                 8               0               9               0
0000120                10               0              11               0
0000140                12               0              13               0
0000160                14               0              15               0
0000200                16               0              17               0
0000220                18               0              19               0
0000240                20               0              21               0
0000260                22               0              23               0
0000300                24               0              25               0
0000320                26               0              27               0
0000340                28               0              29               0
0000360                30               0              31               0
0000400                32               0              33               0
0000420                34               0              35               0
0000440                36               0              37               0
0000460                38               0              39               0
0000500                40               0              41               0
0000520                42               0              43               0
0000540                44               0              45               0
0000560                46               0              47               0
0000600                48               0              49               0
0000620                50               0              51               0
0000640                52               0              53               0
0000660                54               0              55               0
0000700                56               0              57               0
0000720                58               0              59               0
0000740                60               0              61               0
0000760                62               0              63               0
0001000                64               0              65               0
0001020                66               0              67               0
0001040                68               0              69               0
0001060                70               0              71               0
0001100                72               0              73               0
0001120                74               0              75               0
0001140                76               0              77               0
0001160                78               0              79               0
0001200                80               0              81               0
0001220                82               0              83               0
0001240                84               0              85               0
0001260                86               0              87               0
0001300                88               0              89               0
0001320                90               0              91               0
0001340                92               0              93               0
0001360                94               0              95               0
0001400                96               0              97               0
0001420                98               0              99               0
0001440               100               0             101               0
0001460               102               0             103               0
0001500               104               0             105               0
0001520               106               0             107               0
0001540               108               0             109               0
0001560               110               0             111               0
0001600               112               0             113               0
0001620               114               0             115               0
0001640               116               0             117               0
0001660               118               0             119               0
0001700               120               0             121               0
0001720               122               0             123               0
0001740               124               0             125               0
0001760               126               0             127               0
0002000               128               0             129               0
0002020               130               0             131               0
0002040               132               0             133               0
0002060               134               0             135               0
0002100               136               0             137               0
0002120               138               0             139               0
0002140               140               0             141               0
0002160               142               0             143               0
0002200               144               0             145               0
0002220               146               0             147               0
0002240               148               0             149               0
0002260               150               0             151               0
0002300               152               0             153               0
0002320               154               0             155               0
0002340               156               0             157               0
0002360               158               0             159               0
0002400               160               0             161               0
0002420               162               0             163               0
0002440               164               0             165               0
0002460               166               0             167               0
0002500               168               0             169               0
0002520               170               0             171               0
0002540               172               0             173               0
0002560               174               0             175               0
0002600               176               0             177               0
0002620               178               0             179               0
0002640               180               0             181               0
0002660               182               0             183               0
0002700               184               0             185               0
0002720               186               0             187               0
0002740               188               0             189               0
0002760               190               0             191               0
0003000               192               0             193               0
0003020               194               0             195               0
0003040               196               0             197               0
0003060               198               0             199               0
0003100               200               0             201               0
0003120               202               0             203               0
0003140               204               0             205               0
0003160               206               0             207               0
0003200               208               0             209               0
0003220               210               0             211               0
0003240               212               0             213               0
0003260               214               0             215               0
0003300               216               0             217               0
0003320               218               0             219               0
0003340               220               0             221               0
0003360               222               0             223               0
0003400               224               0             225               0
0003420               226               0             227               0
0003440               228               0             229               0
0003460               230               0             231               0
0003500               232               0             233               0
0003520               234               0             235               0
0003540               236               0             237               0
0003560               238               0             239               0
0003600               240               0             241               0
0003620               242               0             243               0
0003640               244               0             245               0
0003660               246               0             247               0
0003700               248               0             249               0
0003720               250               0             251               0
0003740               252               0             253               0
0003760               254               0             255               0
0004000               256               0             257               0
0004020               258               0             259               0
0004040               260               0             261               0
0004060               262               0             263               0
0004100               264               0             265               0
0004120               266               0             267               0
0004140               268               0             269               0
0004160               270               0             271               0
0004200               272               0             273               0
0004220               274               0             275               0
0004240               276               0             277               0
0004260               278               0             279               0
0004300               280               0             281               0
0004320               282               0             283               0
0004340               284               0             285               0
0004360               286               0             287               0
0004400               288               0             289               0
0004420               290               0             291               0
0004440               292               0             293               0
0004460               294               0             295               0
0004500               296               0             297               0
0004520               298               0             299               0
0004540               300               0             301               0
0004560               302               0             303               0
0004600               304               0             305               0
0004620               306               0             307               0
0004640               308               0             309               0
0004660               310               0             311               0
0004700               312               0             313               0
0004720               314               0             315               0
0004740               316               0             317               0
0004760               318               0             319               0
0005000               320               0             321               0
0005020               322               0             323               0
0005040               324               0             325               0
0005060               326               0             327               0
0005100               328               0             329               0
0005120               330               0             331               0
0005140               332               0             333               0
0005160               334               0             335               0
0005200               336               0             337               0
0005220               338               0             339               0
0005240               340               0             341               0
0005260               342               0             343               0
0005300               344               0             345               0
0005320               346               0             347               0
0005340               348               0             349               0
0005360               350               0             351               0
0005400               352               0             353               0
0005420               354               0             355               0
0005440               356               0             357               0
0005460               358               0             359               0
0005500               360               0             361               0
0005520               362               0             363               0
0005540               364               0             365               0
0005560               366               0             367               0
0005600               368               0             369               0
0005620               370               0             371               0
0005640               372               0             373               0
0005660               374               0             375               0
0005700               376               0             377               0
0005720               378               0             379               0
0005740               380               0             381               0
0005760               382               0             383               0
0006000               384               0             385               0
0006020               386               0             387               0
0006040               388               0             389               0
0006060               390               0             391               0
0006100               392               0             393               0
0006120               394               0             395               0
0006140               396               0             397               0
0006160               398               0             399               0
0006200               400               0             401               0
0006220               402               0             403               0
0006240               404               0             405               0
0006260               406               0             407               0
0006300               408               0             409               0
0006320               410               0             411               0
0006340               412               0             413               0
0006360               414               0             415               0
0006400               416               0             417               0
0006420               418               0             419               0
0006440               420               0             421               0
0006460               422               0             423               0
0006500               424               0             425               0
0006520               426               0             427               0
0006540               428               0             429               0
0006560               430               0             431               0
0006600               432               0             433               0
0006620               434               0             435               0
0006640               436               0             437               0
0006660               438               0             439               0
0006700               440               0             441               0
0006720               442               0             443               0
0006740               444               0             445               0
0006760               446               0             447               0
0007000               448               0             449               0
0007020               450               0             451               0
0007040               452               0             453               0
0007060               454               0             455               0
0007100               456               0             457               0
0007120               458               0             459               0
0007140               460               0             461               0
0007160               462               0             463               0
0007200               464               0             465               0
0007220               466               0             467               0
0007240               468               0             469               0
0007260               470               0             471               0
0007300               472               0             473               0
0007320               474               0             475               0
0007340               476               0             477               0
0007360               478               0             479               0
0007400               480               0             481               0
0007420               482               0             483               0
0007440               484               0             485               0
0007460               486               0             487               0
0007500               488               0             489               0
0007520               490               0             491               0
0007540               492               0             493               0
0007560               494               0             495               0
0007600               496               0             497               0
0007620               498               0             499               0
0007640               500               0             501               0
0007660               502               0             503               0
0007700               504               0             505               0
0007720               506               0             507               0
0007740               508               0             509               0
0007760               510               0             511               0
0010000               512               0             513               0
0010020               514               0             515               0
0010040               516               0             517               0
0010060               518               0             519               0
0010100               520               0             521               0
0010120               522               0             523               0
0010140               524               0             525               0
0010160               526               0             527               0
0010200               528               0             529               0
0010220               530               0             531               0
0010240               532               0             533               0
0010260               534               0             535               0
0010300               536               0             537               0
0010320               538               0             539               0
0010340               540               0             541               0
0010360               542               0             543               0
0010400               544               0             545               0
0010420               546               0             547               0
0010440               548               0             549               0
0010460               550               0             551               0
0010500               552               0             553               0
0010520               554               0             555               0
0010540               556               0             557               0
0010560               558               0             559               0
0010600               560               0             561               0
0010620               562               0             563               0
0010640               564               0             565               0
0010660               566               0             567               0
0010700               568               0             569               0
0010720               570               0             571               0
0010740               572               0             573               0
0010760               574               0             575               0
0011000               576               0             577               0
0011020               578               0             579               0
0011040               580               0             581               0
0011060               582               0             583               0
0011100               584               0             585               0
0011120               586               0             587               0
0011140               588               0             589               0
0011160               590               0             591               0
0011200               592               0             593               0
0011220               594               0             595               0
0011240               596               0             597               0
0011260               598               0             599               0
0011300               600               0             601               0
0011320               602               0             603               0
0011340               604               0             605               0
0011360               606               0             607               0
0011400               608               0             609               0
0011420               610               0             611               0
0011440               612               0             613               0
0011460               614               0             615               0
0011500               616               0             617               0
0011520               618               0             619               0
0011540               620               0             621               0
0011560               622               0             623               0
0011600               624               0             625               0
0011620               626               0             627               0
0011640               628               0             629               0
0011660               630               0             631               0
0011700               632               0             633               0
0011720               634               0             635               0
0011740               636               0             637               0
0011760               638               0             639               0
0012000               640               0             641               0
0012020               642               0             643               0
0012040               644               0             645               0
0012060               646               0             647               0
0012100               648               0             649               0
0012120               650               0             651               0
0012140               652               0             653               0
0012160               654               0             655               0
0012200               656               0             657               0
0012220               658               0             659               0
0012240               660               0             661               0
0012260               662               0             663               0
0012300               664               0             665               0
0012320               666               0             667               0
0012340               668               0             669               0
0012360               670               0             671               0
0012400               672               0             673               0
0012420               674               0             675               0
0012440               676               0             677               0
0012460               678               0             679               0
0012500               680               0             681               0
0012520               682               0             683               0
0012540               684               0             685               0
0012560               686               0             687               0
0012600               688               0             689               0
0012620               690               0             691               0
0012640               692               0             693               0
0012660               694               0             695               0
0012700               696               0             697               0
0012720               698               0             699               0
0012740               700               0             701               0
0012760               702               0             703               0
0013000               704               0             705               0
0013020               706               0             707               0
0013040               708               0             709               0
0013060               710               0             711               0
0013100               712               0             713               0
0013120               714               0             715               0
0013140               716               0             717               0
0013160               718               0             719               0
0013200               720               0             721               0
0013220               722               0             723               0
0013240               724               0             725               0
0013260               726               0             727               0
0013300               728               0             729               0
0013320               730               0             731               0
0013340               732               0             733               0
0013360               734               0             735               0
0013400               736               0             737               0
0013420               738               0             739               0
0013440               740               0             741               0
0013460               742               0             743               0
0013500               744               0             745               0
0013520               746               0             747               0
0013540               748               0             749               0
0013560               750               0             751               0
0013600               752               0             753               0
0013620               754               0             755               0
0013640               756               0             757               0
0013660               758               0             759               0
0013700               760               0             761               0
0013720               762               0             763               0
0013740               764               0             765               0
0013760               766               0             767               0
0014000               768               0             769               0
0014020               770               0             771               0
0014040               772               0             773               0
0014060               774               0             775               0
0014100               776               0             777               0
0014120               778               0             779               0
0014140               780               0             781               0
0014160               782               0             783               0
0014200               784               0             785               0
0014220               786               0             787               0
0014240               788               0             789               0
0014260               790               0             791               0
0014300               792               0             793               0
0014320               794               0             795               0
0014340               796               0             797               0
0014360               798               0             799               0
0014400               800               0             801               0
0014420               802               0             803               0
0014440               804               0             805               0
0014460               806               0             807               0
0014500               808               0             809               0
0014520               810               0             811               0
0014540               812               0             813               0
0014560               814               0             815               0
0014600               816               0             817               0
0014620               818               0             819               0
0014640               820               0             821               0
0014660               822               0             823               0
0014700               824               0             825               0
0014720               826               0             827               0
0014740               828               0             829               0
0014760               830               0             831               0
0015000               832               0             833               0
0015020               834               0             835               0
0015040               836               0             837               0
0015060               838               0             839               0
0015100               840               0             841               0
0015120               842               0             843               0
0015140               844               0             845               0
0015160               846               0             847               0
0015200               848               0             849               0
0015220               850               0             851               0
0015240               852               0             853               0
0015260               854               0             855               0
0015300               856               0             857               0
0015320               858               0             859               0
0015340               860               0             861               0
0015360               862               0             863               0
0015400               864               0             865               0
0015420               866               0             867               0
0015440               868               0             869               0
0015460               870               0             871               0
0015500               872               0             873               0
0015520               874               0             875               0
0015540               876               0             877               0
0015560               878               0             879               0
0015600               880               0             881               0
0015620               882               0             883               0
0015640               884               0             885               0
0015660               886               0             887               0
0015700               888               0             889               0
0015720               890               0             891               0
0015740               892               0             893               0
0015760               894               0             895               0
0016000               896               0             897               0
0016020               898               0             899               0
0016040               900               0             901               0
0016060               902               0             903               0
0016100               904               0             905               0
0016120               906               0             907               0
0016140               908               0             909               0
0016160               910               0             911               0
0016200               912               0             913               0
0016220               914               0             915               0
0016240               916               0             917               0
0016260               918               0             919               0
0016300               920               0             921               0
0016320               922               0             923               0
0016340               924               0             925               0
0016360               926               0             927               0
0016400               928               0             929               0
0016420               930               0             931               0
0016440               932               0             933               0
0016460               934               0             935               0
0016500               936               0             937               0
0016520               938               0             939               0
0016540               940               0             941               0
0016560               942               0             943               0
0016600               944               0             945               0
0016620               946               0             947               0
0016640               948               0             949               0
0016660               950               0             951               0
0016700               952               0             953               0
0016720               954               0             955               0
0016740               956               0             957               0
0016760               958               0             959               0
0017000               960               0             961               0
0017020               962               0             963               0
0017040               964               0             965               0
0017060               966               0             967               0
0017100               968               0             969               0
0017120               970               0             971               0
0017140               972               0             973               0
0017160               974               0             975               0
0017200               976               0             977               0
0017220               978               0             979               0
0017240               980               0             981               0
0017260               982               0             983               0
0017300               984               0             985               0
0017320               986               0             987               0
0017340               988               0             989               0
0017360               990               0             991               0
0017400               992               0             993               0
0017420               994               0             995               0
0017440               996               0             997               0
0017460               998               0             999               0
0017500              1000               0            1001               0
0017520              1002               0            1003               0
0017540              1004               0            1005               0
0017560              1006               0            1007               0
0017600              1008               0            1009               0
0017620              1010               0            1011               0
0017640              1012               0            1013               0
0017660              1014               0            1015               0
0017700              1016               0            1017               0
0017720              1018               0            1019               0
0017740              1020               0            1021               0
0017760              1022               0            1023               0
0020000              1024               0            1025               0
0020020              1026               0            1027               0
0020040              1028               0            1029               0
0020060              1030               0            1031               0
0020100              1032               0            1033               0
0020120              1034               0            1035               0
0020140              1036               0            1037               0
0020160              1038               0            1039               0
0020200              1040               0            1041               0
0020220              1042               0            1043               0
0020240              1044               0            1045               0
0020260              1046               0            1047               0
0020300              1048               0            1049               0
0020320              1050               0            1051               0
0020340              1052               0            1053               0
0020360              1054               0            1055               0
0020400              1056               0            1057               0
0020420              1058               0            1059               0
0020440              1060               0            1061               0
0020460              1062               0            1063               0
0020500              1064               0            1065               0
0020520              1066               0            1067               0
0020540              1068               0            1069               0
0020560              1070               0            1071               0
0020600              1072               0            1073               0
0020620              1074               0            1075               0
0020640              1076               0            1077               0
0020660              1078               0            1079               0
0020700              1080               0            1081               0
0020720              1082               0            1083               0
0020740              1084               0            1085               0
0020760              1086               0            1087               0
0021000              1088               0            1089               0
0021020              1090               0            1091               0
0021040              1092               0            1093               0
0021060              1094               0            1095               0
0021100              1096               0            1097               0
0021120              1098               0            1099               0
0021140              1100               0            1101               0
0021160              1102               0            1103               0
0021200              1104               0            1105               0
0021220              1106               0            1107               0
0021240              1108               0            1109               0
0021260              1110               0            1111               0
0021300              1112               0            1113               0
0021320              1114               0            1115               0
0021340              1116               0            1117               0
0021360              1118               0            1119               0
0021400              1120               0            1121               0
0021420              1122               0            1123               0
0021440              1124               0            1125               0
0021460              1126               0            1127               0
0021500              1128               0            1129               0
0021520              1130               0            1131               0
0021540              1132               0            1133               0
0021560              1134               0            1135               0
0021600              1136               0            1137               0
0021620              1138               0            1139               0
0021640              1140               0            1141               0
0021660              1142               0            1143               0
0021700              1144               0            1145               0
0021720              1146               0            1147               0
0021740              1148               0            1149               0
0021760              1150               0            1151               0
0022000              1152               0            1153               0
0022020              1154               0            1155               0
0022040              1156               0            1157               0
0022060              1158               0            1159               0
0022100              1160               0            1161               0
0022120              1162               0            1163               0
0022140              1164               0            1165               0
0022160              1166               0            1167               0
0022200              1168               0            1169               0
0022220              1170               0            1171               0
0022240              1172               0            1173               0
0022260              1174               0            1175               0
0022300              1176               0            1177               0
0022320              1178               0            1179               0
0022340              1180               0            1181               0
0022360              1182               0            1183               0
0022400              1184               0            1185               0
0022420              1186               0            1187               0
0022440              1188               0            1189               0
0022460              1190               0            1191               0
0022500              1192               0            1193               0
0022520              1194               0            1195               0
0022540              1196               0            1197               0
0022560              1198               0            1199               0
0022600              1200               0            1201               0
0022620              1202               0            1203               0
0022640              1204               0            1205               0
0022660              1206               0            1207               0
0022700              1208               0            1209               0
0022720              1210               0            1211               0
0022740              1212               0            1213               0
0022760              1214               0            1215               0
0023000              1216               0            1217               0
0023020              1218               0            1219               0
0023040              1220               0            1221               0
0023060              1222               0            1223               0
0023100              1224               0            1225               0
0023120              1226               0            1227               0
0023140              1228               0            1229               0
0023160              1230               0            1231               0
0023200              1232               0            1233               0
0023220              1234               0            1235               0
0023240              1236               0            1237               0
0023260              1238               0            1239               0
0023300              1240               0            1241               0
0023320              1242               0            1243               0
0023340              1244               0            1245               0
0023360              1246               0            1247               0
0023400              1248               0            1249               0
0023420              1250               0            1251               0
0023440              1252               0            1253               0
0023460              1254               0            1255               0
0023500              1256               0            1257               0
0023520              1258               0            1259               0
0023540              1260               0            1261               0
0023560              1262               0            1263               0
0023600              1264               0            1265               0
0023620              1266               0            1267               0
0023640              1268               0            1269               0
0023660              1270               0            1271               0
0023700              1272               0            1273               0
0023720              1274               0            1275               0
0023740              1276               0            1277               0
0023760              1278               0            1279               0
0024000              1280               0            1281               0
0024020              1282               0            1283               0
0024040              1284               0            1285               0
0024060              1286               0            1287               0
0024100              1288               0            1289               0
0024120              1290               0            1291               0
0024140              1292               0            1293               0
0024160              1294               0            1295               0
0024200              1296               0            1297               0
0024220              1298               0            1299               0
0024240              1300               0            1301               0
0024260              1302               0            1303               0
0024300              1304               0            1305               0
0024320              1306               0            1307               0
0024340              1308               0            1309               0
0024360              1310               0            1311               0
0024400              1312               0            1313               0
0024420              1314               0            1315               0
0024440              1316               0            1317               0
0024460              1318               0            1319               0
0024500              1320               0            1321               0
0024520              1322               0            1323               0
0024540              1324               0            1325               0
0024560              1326               0            1327               0
0024600              1328               0            1329               0
0024620              1330               0            1331               0
0024640              1332               0            1333               0
0024660              1334               0            1335               0
0024700              1336               0            1337               0
0024720              1338               0            1339               0
0024740              1340               0            1341               0
0024760              1342               0            1343               0
0025000              1344               0            1345               0
0025020              1346               0            1347               0
0025040              1348               0            1349               0
0025060              1350               0            1351               0
0025100              1352               0            1353               0
0025120              1354               0            1355               0
0025140              1356               0            1357               0
0025160              1358               0            1359               0
0025200              1360               0            1361               0
0025220              1362               0            1363               0
0025240              1364               0            1365               0
0025260              1366               0            1367               0
0025300              1368               0            1369               0
0025320              1370               0            1371               0
0025340              1372               0            1373               0
0025360              1374               0            1375               0
0025400              1376               0            1377               0
0025420              1378               0            1379               0
0025440              1380               0            1381               0
0025460              1382               0            1383               0
0025500              1384               0            1385               0
0025520              1386               0            1387               0
0025540              1388               0            1389               0
0025560              1390               0            1391               0
0025600              1392               0            1393               0
0025620              1394               0            1395               0
0025640              1396               0            1397               0
0025660              1398               0            1399               0
0025700              1400               0            1401               0
0025720              1402               0            1403               0
0025740              1404               0            1405               0
0025760              1406               0            1407               0
0026000              1408               0            1409               0
0026020              1410               0            1411               0
0026040              1412               0            1413               0
0026060              1414               0            1415               0
0026100              1416               0            1417               0
0026120              1418               0            1419               0
0026140              1420               0            1421               0
0026160              1422               0            1423               0
0026200              1424               0            1425               0
0026220              1426               0            1427               0
0026240              1428               0            1429               0
0026260              1430               0            1431               0
0026300              1432               0            1433               0
0026320              1434               0            1435               0
0026340              1436               0            1437               0
0026360              1438               0            1439               0
0026400              1440               0            1441               0
0026420              1442               0            1443               0
0026440              1444               0            1445               0
0026460              1446               0            1447               0
0026500              1448               0            1449               0
0026520              1450               0            1451               0
0026540              1452               0            1453               0
0026560              1454               0            1455               0
0026600              1456               0            1457               0
0026620              1458               0            1459               0
0026640              1460               0            1461               0
0026660              1462               0            1463               0
0026700              1464               0            1465               0
0026720              1466               0            1467               0
0026740              1468               0            1469               0
0026760              1470               0            1471               0
0027000              1472               0            1473               0
0027020              1474               0            1475               0
0027040              1476               0            1477               0
0027060              1478               0            1479               0
0027100              1480               0            1481               0
0027120              1482               0            1483               0
0027140              1484               0            1485               0
0027160              1486               0            1487               0
0027200              1488               0            1489               0
0027220              1490               0            1491               0
0027240              1492               0            1493               0
0027260              1494               0            1495               0
0027300              1496               0            1497               0
0027320              1498               0            1499               0
0027340              1500               0            1501               0
0027360              1502               0            1503               0
0027400              1504               0            1505               0
0027420              1506               0            1507               0
0027440              1508               0            1509               0
0027460              1510               0            1511               0
0027500              1512               0            1513               0
0027520              1514               0            1515               0
0027540              1516               0            1517               0
0027560              1518               0            1519               0
0027600              1520               0            1521               0
0027620              1522               0            1523               0
0027640              1524               0            1525               0
0027660              1526               0            1527               0
0027700              1528               0            1529               0
0027720              1530               0            1531               0
0027740              1532               0            1533               0
0027760              1534               0            1535               0
0030000              1536               0            1537               0
0030020              1538               0            1539               0
0030040              1540               0            1541               0
0030060              1542               0            1543               0
0030100              1544               0            1545               0
0030120              1546               0            1547               0
0030140              1548               0            1549               0
0030160              1550               0            1551               0
0030200              1552               0            1553               0
0030220              1554               0            1555               0
0030240              1556               0            1557               0
0030260              1558               0            1559               0
0030300              1560               0            1561               0
0030320              1562               0            1563               0
0030340              1564               0            1565               0
0030360              1566               0            1567               0
0030400              1568               0            1569               0
0030420              1570               0            1571               0
0030440              1572               0            1573               0
0030460              1574               0            1575               0
0030500              1576               0            1577               0
0030520              1578               0            1579               0
0030540              1580               0            1581               0
0030560              1582               0            1583               0
0030600              1584               0            1585               0
0030620              1586               0            1587               0
0030640              1588               0            1589               0
0030660              1590               0            1591               0
0030700              1592               0            1593               0
0030720              1594               0            1595               0
0030740              1596               0            1597               0
0030760              1598               0            1599               0
0031000              1600               0            1601               0
0031020              1602               0            1603               0
0031040              1604               0            1605               0
0031060              1606               0            1607               0
0031100              1608               0            1609               0
0031120              1610               0            1611               0
0031140              1612               0            1613               0
0031160              1614               0            1615               0
0031200              1616               0            1617               0
0031220              1618               0            1619               0
0031240              1620               0            1621               0
0031260              1622               0            1623               0
0031300              1624               0            1625               0
0031320              1626               0            1627               0
0031340              1628               0            1629               0
0031360              1630               0            1631               0
0031400              1632               0            1633               0
0031420              1634               0            1635               0
0031440              1636               0            1637               0
0031460              1638               0            1639               0
0031500              1640               0            1641               0
0031520              1642               0            1643               0
0031540              1644               0            1645               0
0031560              1646               0            1647               0
0031600              1648               0            1649               0
0031620              1650               0            1651               0
0031640              1652               0            1653               0
0031660              1654               0            1655               0
0031700              1656               0            1657               0
0031720              1658               0            1659               0
0031740              1660               0            1661               0
0031760              1662               0            1663               0
0032000              1664               0            1665               0
0032020              1666               0            1667               0
0032040              1668               0            1669               0
0032060              1670               0            1671               0
0032100              1672               0            1673               0
0032120              1674               0            1675               0
0032140              1676               0            1677               0
0032160              1678               0            1679               0
0032200              1680               0            1681               0
0032220              1682               0            1683               0
0032240              1684               0            1685               0
0032260              1686               0            1687               0
0032300              1688               0            1689               0
0032320              1690               0            1691               0
0032340              1692               0            1693               0
0032360              1694               0            1695               0
0032400              1696               0            1697               0
0032420              1698               0            1699               0
0032440              1700               0            1701               0
0032460              1702               0            1703               0
0032500              1704               0            1705               0
0032520              1706               0            1707               0
0032540              1708               0            1709               0
0032560              1710               0            1711               0
0032600              1712               0            1713               0
0032620              1714               0            1715               0
0032640              1716               0            1717               0
0032660              1718               0            1719               0
0032700              1720               0            1721               0
0032720              1722               0            1723               0
0032740              1724               0            1725               0
0032760              1726               0            1727               0
0033000              1728               0            1729               0
0033020              1730               0            1731               0
0033040              1732               0            1733               0
0033060              1734               0            1735               0
0033100              1736               0            1737               0
0033120              1738               0            1739               0
0033140              1740               0            1741               0
0033160              1742               0            1743               0
0033200              1744               0            1745               0
0033220              1746               0            1747               0
0033240              1748               0            1749               0
0033260              1750               0            1751               0
0033300              1752               0            1753               0
0033320              1754               0            1755               0
0033340              1756               0            1757               0
0033360              1758               0            1759               0
0033400              1760               0            1761               0
0033420              1762               0            1763               0
0033440              1764               0            1765               0
0033460              1766               0            1767               0
0033500              1768               0            1769               0
0033520              1770               0            1771               0
0033540              1772               0            1773               0
0033560              1774               0            1775               0
0033600              1776               0            1777               0
0033620              1778               0            1779               0
0033640              1780               0            1781               0
0033660              1782               0            1783               0
0033700              1784               0            1785               0
0033720              1786               0            1787               0
0033740              1788               0            1789               0
0033760              1790               0            1791               0
0034000              1792               0            1793               0
0034020              1794               0            1795               0
0034040              1796               0            1797               0
0034060              1798               0            1799               0
0034100              1800               0            1801               0
0034120              1802               0            1803               0
0034140              1804               0            1805               0
0034160              1806               0            1807               0
0034200              1808               0            1809               0
0034220              1810               0            1811               0
0034240              1812               0            1813               0
0034260              1814               0            1815               0
0034300              1816               0            1817               0
0034320              1818               0            1819               0
0034340              1820               0            1821               0
0034360              1822               0            1823               0
0034400              1824               0            1825               0
0034420              1826               0            1827               0
0034440              1828               0            1829               0
0034460              1830               0            1831               0
0034500              1832               0            1833               0
0034520              1834               0            1835               0
0034540              1836               0            1837               0
0034560              1838               0            1839               0
0034600              1840               0            1841               0
0034620              1842               0            1843               0
0034640              1844               0            1845               0
0034660              1846               0            1847               0
0034700              1848               0            1849               0
0034720              1850               0            1851               0
0034740              1852               0            1853               0
0034760              1854               0            1855               0
0035000              1856               0            1857               0
0035020              1858               0            1859               0
0035040              1860               0            1861               0
0035060              1862               0            1863               0
0035100              1864               0            1865               0
0035120              1866               0            1867               0
0035140              1868               0            1869               0
0035160              1870               0            1871               0
0035200              1872               0            1873               0
0035220              1874               0            1875               0
0035240              1876               0            1877               0
0035260              1878               0            1879               0
0035300              1880               0            1881               0
0035320              1882               0            1883               0
0035340              1884               0            1885               0
0035360              1886               0            1887               0
0035400              1888               0            1889               0
0035420              1890               0            1891               0
0035440              1892               0            1893               0
0035460              1894               0            1895               0
0035500              1896               0            1897               0
0035520              1898               0            1899               0
0035540              1900               0            1901               0
0035560              1902               0            1903               0
0035600              1904               0            1905               0
0035620              1906               0            1907               0
0035640              1908               0            1909               0
0035660              1910               0            1911               0
0035700              1912               0            1913               0
0035720              1914               0            1915               0
0035740              1916               0            1917               0
0035760              1918               0            1919               0
0036000              1920               0            1921               0
0036020              1922               0            1923               0
0036040              1924               0            1925               0
0036060              1926               0            1927               0
0036100              1928               0            1929               0
0036120              1930               0            1931               0
0036140              1932               0            1933               0
0036160              1934               0            1935               0
0036200              1936               0            1937               0
0036220              1938               0            1939               0
0036240              1940               0            1941               0
0036260              1942               0            1943               0
0036300              1944               0            1945               0
0036320              1946               0            1947               0
0036340              1948               0            1949               0
0036360              1950               0            1951               0
0036400              1952               0            1953               0
0036420              1954               0            1955               0
0036440              1956               0            1957               0
0036460              1958               0            1959               0
0036500              1960               0            1961               0
0036520              1962               0            1963               0
0036540              1964               0            1965               0
0036560              1966               0            1967               0
0036600              1968               0            1969               0
0036620              1970               0            1971               0
0036640              1972               0            1973               0
0036660              1974               0            1975               0
0036700              1976               0            1977               0
0036720              1978               0            1979               0
0036740              1980               0            1981               0
0036760              1982               0            1983               0
0037000              1984               0            1985               0
0037020              1986               0            1987               0
0037040              1988               0            1989               0
0037060              1990               0            1991               0
0037100              1992               0            1993               0
0037120              1994               0            1995               0
0037140              1996               0            1997               0
0037160              1998               0            1999               0
0037200              2000               0            2001               0
0037220              2002               0            2003               0
0037240              2004               0            2005               0
0037260              2006               0            2007               0
0037300              2008               0            2009               0
0037320              2010               0            2011               0
0037340              2012               0            2013               0
0037360              2014               0            2015               0
0037400              2016               0            2017               0
0037420              2018               0            2019               0
0037440              2020               0            2021               0
0037460              2022               0            2023               0
0037500              2024               0            2025               0
0037520              2026               0            2027               0
0037540              2028               0            2029               0
0037560              2030               0            2031               0
0037600              2032               0            2033               0
0037620              2034               0            2035               0
0037640              2036               0            2037               0
0037660              2038               0            2039               0
0037700              2040               0            2041               0
0037720              2042               0            2043               0
0037740              2044               0            2045               0
0037760              2046               0            2047               0
0040000
