0000000              2048               0            2049               0
0000020              2050               0            2051               0
0000040              2052               0            2053               0
0000060              2054               0            2055               0
0000100              2056               0            2057               0
0000120              2058               0            2059               0
0000140              2060               0            2061               0
0000160              2062               0            2063               0
0000200              2064               0            2065               0
0000220              2066               0            2067               0
0000240              2068               0            2069               0
0000260              2070               0            2071               0
0000300              2072               0            2073               0
0000320              2074               0            2075               0
0000340              2076               0            2077               0
0000360              2078               0            2079               0
0000400              2080               0            2081               0
0000420              2082               0            2083               0
0000440              2084               0            2085               0
0000460              2086               0            2087               0
0000500              2088               0            2089               0
0000520              2090               0            2091               0
0000540              2092               0            2093               0
0000560              2094               0            2095               0
0000600              2096               0            2097               0
0000620              2098               0            2099               0
0000640              2100               0            2101               0
0000660              2102               0            2103               0
0000700              2104               0            2105               0
0000720              2106               0            2107               0
0000740              2108               0            2109               0
0000760              2110               0            2111               0
0001000              2112               0            2113               0
0001020              2114               0            2115               0
0001040              2116               0            2117               0
0001060              2118               0            2119               0
0001100              2120               0            2121               0
0001120              2122               0            2123               0
0001140              2124               0            2125               0
0001160              2126               0            2127               0
0001200              2128               0            2129               0
0001220              2130               0            2131               0
0001240              2132               0            2133               0
0001260              2134               0            2135               0
0001300              2136               0            2137               0
0001320              2138               0            2139               0
0001340              2140               0            2141               0
0001360              2142               0            2143               0
0001400              2144               0            2145               0
0001420              2146               0            2147               0
0001440              2148               0            2149               0
0001460              2150               0            2151               0
0001500              2152               0            2153               0
0001520              2154               0            2155               0
0001540              2156               0            2157               0
0001560              2158               0            2159               0
0001600              2160               0            2161               0
0001620              2162               0            2163               0
0001640              2164               0            2165               0
0001660              2166               0            2167               0
0001700              2168               0            2169               0
0001720              2170               0            2171               0
0001740              2172               0            2173               0
0001760              2174               0            2175               0
0002000              2176               0            2177               0
0002020              2178               0            2179               0
0002040              2180               0            2181               0
0002060              2182               0            2183               0
0002100              2184               0            2185               0
0002120              2186               0            2187               0
0002140              2188               0            2189               0
0002160              2190               0            2191               0
0002200              2192               0            2193               0
0002220              2194               0            2195               0
0002240              2196               0            2197               0
0002260              2198               0            2199               0
0002300              2200               0            2201               0
0002320              2202               0            2203               0
0002340              2204               0            2205               0
0002360              2206               0            2207               0
0002400              2208               0            2209               0
0002420              2210               0            2211               0
0002440              2212               0            2213               0
0002460              2214               0            2215               0
0002500              2216               0            2217               0
0002520              2218               0            2219               0
0002540              2220               0            2221               0
0002560              2222               0            2223               0
0002600              2224               0            2225               0
0002620              2226               0            2227               0
0002640              2228               0            2229               0
0002660              2230               0            2231               0
0002700              2232               0            2233               0
0002720              2234               0            2235               0
0002740              2236               0            2237               0
0002760              2238               0            2239               0
0003000              2240               0            2241               0
0003020              2242               0            2243               0
0003040              2244               0            2245               0
0003060              2246               0            2247               0
0003100              2248               0            2249               0
0003120              2250               0            2251               0
0003140              2252               0            2253               0
0003160              2254               0            2255               0
0003200              2256               0            2257               0
0003220              2258               0            2259               0
0003240              2260               0            2261               0
0003260              2262               0            2263               0
0003300              2264               0            2265               0
0003320              2266               0            2267               0
0003340              2268               0            2269               0
0003360              2270               0            2271               0
0003400              2272               0            2273               0
0003420              2274               0            2275               0
0003440              2276               0            2277               0
0003460              2278               0            2279               0
0003500              2280               0            2281               0
0003520              2282               0            2283               0
0003540              2284               0            2285               0
0003560              2286               0            2287               0
0003600              2288               0            2289               0
0003620              2290               0            2291               0
0003640              2292               0            2293               0
0003660              2294               0            2295               0
0003700              2296               0            2297               0
0003720              2298               0            2299               0
0003740              2300               0            2301               0
0003760              2302               0            2303               0
0004000              2304               0            2305               0
0004020              2306               0            2307               0
0004040              2308               0            2309               0
0004060              2310               0            2311               0
0004100              2312               0            2313               0
0004120              2314               0            2315               0
0004140              2316               0            2317               0
0004160              2318               0            2319               0
0004200              2320               0            2321               0
0004220              2322               0            2323               0
0004240              2324               0            2325               0
0004260              2326               0            2327               0
0004300              2328               0            2329               0
0004320              2330               0            2331               0
0004340              2332               0            2333               0
0004360              2334               0            2335               0
0004400              2336               0            2337               0
0004420              2338               0            2339               0
0004440              2340               0            2341               0
0004460              2342               0            2343               0
0004500              2344               0            2345               0
0004520              2346               0            2347               0
0004540              2348               0            2349               0
0004560              2350               0            2351               0
0004600              2352               0            2353               0
0004620              2354               0            2355               0
0004640              2356               0            2357               0
0004660              2358               0            2359               0
0004700              2360               0            2361               0
0004720              2362               0            2363               0
0004740              2364               0            2365               0
0004760              2366               0            2367               0
0005000              2368               0            2369               0
0005020              2370               0            2371               0
0005040              2372               0            2373               0
0005060              2374               0            2375               0
0005100              2376               0            2377               0
0005120              2378               0            2379               0
0005140              2380               0            2381               0
0005160              2382               0            2383               0
0005200              2384               0            2385               0
0005220              2386               0            2387               0
0005240              2388               0            2389               0
0005260              2390               0            2391               0
0005300              2392               0            2393               0
0005320              2394               0            2395               0
0005340              2396               0            2397               0
0005360              2398               0            2399               0
0005400              2400               0            2401               0
0005420              2402               0            2403               0
0005440              2404               0            2405               0
0005460              2406               0            2407               0
0005500              2408               0            2409               0
0005520              2410               0            2411               0
0005540              2412               0            2413               0
0005560              2414               0            2415               0
0005600              2416               0            2417               0
0005620              2418               0            2419               0
0005640              2420               0            2421               0
0005660              2422               0            2423               0
0005700              2424               0            2425               0
0005720              2426               0            2427               0
0005740              2428               0            2429               0
0005760              2430               0            2431               0
0006000              2432               0            2433               0
0006020              2434               0            2435               0
0006040              2436               0            2437               0
0006060              2438               0            2439               0
0006100              2440               0            2441               0
0006120              2442               0            2443               0
0006140              2444               0            2445               0
0006160              2446               0            2447               0
0006200              2448               0            2449               0
0006220              2450               0            2451               0
0006240              2452               0            2453               0
0006260              2454               0            2455               0
0006300              2456               0            2457               0
0006320              2458               0            2459               0
0006340              2460               0            2461               0
0006360              2462               0            2463               0
0006400              2464               0            2465               0
0006420              2466               0            2467               0
0006440              2468               0            2469               0
0006460              2470               0            2471               0
0006500              2472               0            2473               0
0006520              2474               0            2475               0
0006540              2476               0            2477               0
0006560              2478               0            2479               0
0006600              2480               0            2481               0
0006620              2482               0            2483               0
0006640              2484               0            2485               0
0006660              2486               0            2487               0
0006700              2488               0            2489               0
0006720              2490               0            2491               0
0006740              2492               0            2493               0
0006760              2494               0            2495               0
0007000              2496               0            2497               0
0007020              2498               0            2499               0
0007040              2500               0            2501               0
0007060              2502               0            2503               0
0007100              2504               0            2505               0
0007120              2506               0            2507               0
0007140              2508               0            2509               0
0007160              2510               0            2511               0
0007200              2512               0            2513               0
0007220              2514               0            2515               0
0007240              2516               0            2517               0
0007260              2518               0            2519               0
0007300              2520               0            2521               0
0007320              2522               0            2523               0
0007340              2524               0            2525               0
0007360              2526               0            2527               0
0007400              2528               0            2529               0
0007420              2530               0            2531               0
0007440              2532               0            2533               0
0007460              2534               0            2535               0
0007500              2536               0            2537               0
0007520              2538               0            2539               0
0007540              2540               0            2541               0
0007560              2542               0            2543               0
0007600              2544               0            2545               0
0007620              2546               0            2547               0
0007640              2548               0            2549               0
0007660              2550               0            2551               0
0007700              2552               0            2553               0
0007720              2554               0            2555               0
0007740              2556               0            2557               0
0007760              2558               0            2559               0
0010000              2560               0            2561               0
0010020              2562               0            2563               0
0010040              2564               0            2565               0
0010060              2566               0            2567               0
0010100              2568               0            2569               0
0010120              2570               0            2571               0
0010140              2572               0            2573               0
0010160              2574               0            2575               0
0010200              2576               0            2577               0
0010220              2578               0            2579               0
0010240              2580               0            2581               0
0010260              2582               0            2583               0
0010300              2584               0            2585               0
0010320              2586               0            2587               0
0010340              2588               0            2589               0
0010360              2590               0            2591               0
0010400              2592               0            2593               0
0010420              2594               0            2595               0
0010440              2596               0            2597               0
0010460              2598               0            2599               0
0010500              2600               0            2601               0
0010520              2602               0            2603               0
0010540              2604               0            2605               0
0010560              2606               0            2607               0
0010600              2608               0            2609               0
0010620              2610               0            2611               0
0010640              2612               0            2613               0
0010660              2614               0            2615               0
0010700              2616               0            2617               0
0010720              2618               0            2619               0
0010740              2620               0            2621               0
0010760              2622               0            2623               0
0011000              2624               0            2625               0
0011020              2626               0            2627               0
0011040              2628               0            2629               0
0011060              2630               0            2631               0
0011100              2632               0            2633               0
0011120              2634               0            2635               0
0011140              2636               0            2637               0
0011160              2638               0            2639               0
0011200              2640               0            2641               0
0011220              2642               0            2643               0
0011240              2644               0            2645               0
0011260              2646               0            2647               0
0011300              2648               0            2649               0
0011320              2650               0            2651               0
0011340              2652               0            2653               0
0011360              2654               0            2655               0
0011400              2656               0            2657               0
0011420              2658               0            2659               0
0011440              2660               0            2661               0
0011460              2662               0            2663               0
0011500              2664               0            2665               0
0011520              2666               0            2667               0
0011540              2668               0            2669               0
0011560              2670               0            2671               0
0011600              2672               0            2673               0
0011620              2674               0            2675               0
0011640              2676               0            2677               0
0011660              2678               0            2679               0
0011700              2680               0            2681               0
0011720              2682               0            2683               0
0011740              2684               0            2685               0
0011760              2686               0            2687               0
0012000              2688               0            2689               0
0012020              2690               0            2691               0
0012040              2692               0            2693               0
0012060              2694               0            2695               0
0012100              2696               0            2697               0
0012120              2698               0            2699               0
0012140              2700               0            2701               0
0012160              2702               0            2703               0
0012200              2704               0            2705               0
0012220              2706               0            2707               0
0012240              2708               0            2709               0
0012260              2710               0            2711               0
0012300              2712               0            2713               0
0012320              2714               0            2715               0
0012340              2716               0            2717               0
0012360              2718               0            2719               0
0012400              2720               0            2721               0
0012420              2722               0            2723               0
0012440              2724               0            2725               0
0012460              2726               0            2727               0
0012500              2728               0            2729               0
0012520              2730               0            2731               0
0012540              2732               0            2733               0
0012560              2734               0            2735               0
0012600              2736               0            2737               0
0012620              2738               0            2739               0
0012640              2740               0            2741               0
0012660              2742               0            2743               0
0012700              2744               0            2745               0
0012720              2746               0            2747               0
0012740              2748               0            2749               0
0012760              2750               0            2751               0
0013000              2752               0            2753               0
0013020              2754               0            2755               0
0013040              2756               0            2757               0
0013060              2758               0            2759               0
0013100              2760               0            2761               0
0013120              2762               0            2763               0
0013140              2764               0            2765               0
0013160              2766               0            2767               0
0013200              2768               0            2769               0
0013220              2770               0            2771               0
0013240              2772               0            2773               0
0013260              2774               0            2775               0
0013300              2776               0            2777               0
0013320              2778               0            2779               0
0013340              2780               0            2781               0
0013360              2782               0            2783               0
0013400              2784               0            2785               0
0013420              2786               0            2787               0
0013440              2788               0            2789               0
0013460              2790               0            2791               0
0013500              2792               0            2793               0
0013520              2794               0            2795               0
0013540              2796               0            2797               0
0013560              2798               0            2799               0
0013600              2800               0            2801               0
0013620              2802               0            2803               0
0013640              2804               0            2805               0
0013660              2806               0            2807               0
0013700              2808               0            2809               0
0013720              2810               0            2811               0
0013740              2812               0            2813               0
0013760              2814               0            2815               0
0014000              2816               0            2817               0
0014020              2818               0            2819               0
0014040              2820               0            2821               0
0014060              2822               0            2823               0
0014100              2824               0            2825               0
0014120              2826               0            2827               0
0014140              2828               0            2829               0
0014160              2830               0            2831               0
0014200              2832               0            2833               0
0014220              2834               0            2835               0
0014240              2836               0            2837               0
0014260              2838               0            2839               0
0014300              2840               0            2841               0
0014320              2842               0            2843               0
0014340              2844               0            2845               0
0014360              2846               0            2847               0
0014400              2848               0            2849               0
0014420              2850               0            2851               0
0014440              2852               0            2853               0
0014460              2854               0            2855               0
0014500              2856               0            2857               0
0014520              2858               0            2859               0
0014540              2860               0            2861               0
0014560              2862               0            2863               0
0014600              2864               0            2865               0
0014620              2866               0            2867               0
0014640              2868               0            2869               0
0014660              2870               0            2871               0
0014700              2872               0            2873               0
0014720              2874               0            2875               0
0014740              2876               0            2877               0
0014760              2878               0            2879               0
0015000              2880               0            2881               0
0015020              2882               0            2883               0
0015040              2884               0            2885               0
0015060              2886               0            2887               0
0015100              2888               0            2889               0
0015120              2890               0            2891               0
0015140              2892               0            2893               0
0015160              2894               0            2895               0
0015200              2896               0            2897               0
0015220              2898               0            2899               0
0015240              2900               0            2901               0
0015260              2902               0            2903               0
0015300              2904               0            2905               0
0015320              2906               0            2907               0
0015340              2908               0            2909               0
0015360              2910               0            2911               0
0015400              2912               0            2913               0
0015420              2914               0            2915               0
0015440              2916               0            2917               0
0015460              2918               0            2919               0
0015500              2920               0            2921               0
0015520              2922               0            2923               0
0015540              2924               0            2925               0
0015560              2926               0            2927               0
0015600              2928               0            2929               0
0015620              2930               0            2931               0
0015640              2932               0            2933               0
0015660              2934               0            2935               0
0015700              2936               0            2937               0
0015720              2938               0            2939               0
0015740              2940               0            2941               0
0015760              2942               0            2943               0
0016000              2944               0            2945               0
0016020              2946               0            2947               0
0016040              2948               0            2949               0
0016060              2950               0            2951               0
0016100              2952               0            2953               0
0016120              2954               0            2955               0
0016140              2956               0            2957               0
0016160              2958               0            2959               0
0016200              2960               0            2961               0
0016220              2962               0            2963               0
0016240              2964               0            2965               0
0016260              2966               0            2967               0
0016300              2968               0            2969               0
0016320              2970               0            2971               0
0016340              2972               0            2973               0
0016360              2974               0            2975               0
0016400              2976               0            2977               0
0016420              2978               0            2979               0
0016440              2980               0            2981               0
0016460              2982               0            2983               0
0016500              2984               0            2985               0
0016520              2986               0            2987               0
0016540              2988               0            2989               0
0016560              2990               0            2991               0
0016600              2992               0            2993               0
0016620              2994               0            2995               0
0016640              2996               0            2997               0
0016660              2998               0            2999               0
0016700              3000               0            3001               0
0016720              3002               0            3003               0
0016740              3004               0            3005               0
0016760              3006               0            3007               0
0017000              3008               0            3009               0
0017020              3010               0            3011               0
0017040              3012               0            3013               0
0017060              3014               0            3015               0
0017100              3016               0            3017               0
0017120              3018               0            3019               0
0017140              3020               0            3021               0
0017160              3022               0            3023               0
0017200              3024               0            3025               0
0017220              3026               0            3027               0
0017240              3028               0            3029               0
0017260              3030               0            3031               0
0017300              3032               0            3033               0
0017320              3034               0            3035               0
0017340              3036               0            3037               0
0017360              3038               0            3039               0
0017400              3040               0            3041               0
0017420              3042               0            3043               0
0017440              3044               0            3045               0
0017460              3046               0            3047               0
0017500              3048               0            3049               0
0017520              3050               0            3051               0
0017540              3052               0            3053               0
0017560              3054               0            3055               0
0017600              3056               0            3057               0
0017620              3058               0            3059               0
0017640              3060               0            3061               0
0017660              3062               0            3063               0
0017700              3064               0            3065               0
0017720              3066               0            3067               0
0017740              3068               0            3069               0
0017760              3070               0            3071               0
0020000              3072               0            3073               0
0020020              3074               0            3075               0
0020040              3076               0            3077               0
0020060              3078               0            3079               0
0020100              3080               0            3081               0
0020120              3082               0            3083               0
0020140              3084               0            3085               0
0020160              3086               0            3087               0
0020200              3088               0            3089               0
0020220              3090               0            3091               0
0020240              3092               0            3093               0
0020260              3094               0            3095               0
0020300              3096               0            3097               0
0020320              3098               0            3099               0
0020340              3100               0            3101               0
0020360              3102               0            3103               0
0020400              3104               0            3105               0
0020420              3106               0            3107               0
0020440              3108               0            3109               0
0020460              3110               0            3111               0
0020500              3112               0            3113               0
0020520              3114               0            3115               0
0020540              3116               0            3117               0
0020560              3118               0            3119               0
0020600              3120               0            3121               0
0020620              3122               0            3123               0
0020640              3124               0            3125               0
0020660              3126               0            3127               0
0020700              3128               0            3129               0
0020720              3130               0            3131               0
0020740              3132               0            3133               0
0020760              3134               0            3135               0
0021000              3136               0            3137               0
0021020              3138               0            3139               0
0021040              3140               0            3141               0
0021060              3142               0            3143               0
0021100              3144               0            3145               0
0021120              3146               0            3147               0
0021140              3148               0            3149               0
0021160              3150               0            3151               0
0021200              3152               0            3153               0
0021220              3154               0            3155               0
0021240              3156               0            3157               0
0021260              3158               0            3159               0
0021300              3160               0            3161               0
0021320              3162               0            3163               0
0021340              3164               0            3165               0
0021360              3166               0            3167               0
0021400              3168               0            3169               0
0021420              3170               0            3171               0
0021440              3172               0            3173               0
0021460              3174               0            3175               0
0021500              3176               0            3177               0
0021520              3178               0            3179               0
0021540              3180               0            3181               0
0021560              3182               0            3183               0
0021600              3184               0            3185               0
0021620              3186               0            3187               0
0021640              3188               0            3189               0
0021660              3190               0            3191               0
0021700              3192               0            3193               0
0021720              3194               0            3195               0
0021740              3196               0            3197               0
0021760              3198               0            3199               0
0022000              3200               0            3201               0
0022020              3202               0            3203               0
0022040              3204               0            3205               0
0022060              3206               0            3207               0
0022100              3208               0            3209               0
0022120              3210               0            3211               0
0022140              3212               0            3213               0
0022160              3214               0            3215               0
0022200              3216               0            3217               0
0022220              3218               0            3219               0
0022240              3220               0            3221               0
0022260              3222               0            3223               0
0022300              3224               0            3225               0
0022320              3226               0            3227               0
0022340              3228               0            3229               0
0022360              3230               0            3231               0
0022400              3232               0            3233               0
0022420              3234               0            3235               0
0022440              3236               0            3237               0
0022460              3238               0            3239               0
0022500              3240               0            3241               0
0022520              3242               0            3243               0
0022540              3244               0            3245               0
0022560              3246               0            3247               0
0022600              3248               0            3249               0
0022620              3250               0            3251               0
0022640              3252               0            3253               0
0022660              3254               0            3255               0
0022700              3256               0            3257               0
0022720              3258               0            3259               0
0022740              3260               0            3261               0
0022760              3262               0            3263               0
0023000              3264               0            3265               0
0023020              3266               0            3267               0
0023040              3268               0            3269               0
0023060              3270               0            3271               0
0023100              3272               0            3273               0
0023120              3274               0            3275               0
0023140              3276               0            3277               0
0023160              3278               0            3279               0
0023200              3280               0            3281               0
0023220              3282               0            3283               0
0023240              3284               0            3285               0
0023260              3286               0            3287               0
0023300              3288               0            3289               0
0023320              3290               0            3291               0
0023340              3292               0            3293               0
0023360              3294               0            3295               0
0023400              3296               0            3297               0
0023420              3298               0            3299               0
0023440              3300               0            3301               0
0023460              3302               0            3303               0
0023500              3304               0            3305               0
0023520              3306               0            3307               0
0023540              3308               0            3309               0
0023560              3310               0            3311               0
0023600              3312               0            3313               0
0023620              3314               0            3315               0
0023640              3316               0            3317               0
0023660              3318               0            3319               0
0023700              3320               0            3321               0
0023720              3322               0            3323               0
0023740              3324               0            3325               0
0023760              3326               0            3327               0
0024000              3328               0            3329               0
0024020              3330               0            3331               0
0024040              3332               0            3333               0
0024060              3334               0            3335               0
0024100              3336               0            3337               0
0024120              3338               0            3339               0
0024140              3340               0            3341               0
0024160              3342               0            3343               0
0024200              3344               0            3345               0
0024220              3346               0            3347               0
0024240              3348               0            3349               0
0024260              3350               0            3351               0
0024300              3352               0            3353               0
0024320              3354               0            3355               0
0024340              3356               0            3357               0
0024360              3358               0            3359               0
0024400              3360               0            3361               0
0024420              3362               0            3363               0
0024440              3364               0            3365               0
0024460              3366               0            3367               0
0024500              3368               0            3369               0
0024520              3370               0            3371               0
0024540              3372               0            3373               0
0024560              3374               0            3375               0
0024600              3376               0            3377               0
0024620              3378               0            3379               0
0024640              3380               0            3381               0
0024660              3382               0            3383               0
0024700              3384               0            3385               0
0024720              3386               0            3387               0
0024740              3388               0            3389               0
0024760              3390               0            3391               0
0025000              3392               0            3393               0
0025020              3394               0            3395               0
0025040              3396               0            3397               0
0025060              3398               0            3399               0
0025100              3400               0            3401               0
0025120              3402               0            3403               0
0025140              3404               0            3405               0
0025160              3406               0            3407               0
0025200              3408               0            3409               0
0025220              3410               0            3411               0
0025240              3412               0            3413               0
0025260              3414               0            3415               0
0025300              3416               0            3417               0
0025320              3418               0            3419               0
0025340              3420               0            3421               0
0025360              3422               0            3423               0
0025400              3424               0            3425               0
0025420              3426               0            3427               0
0025440              3428               0            3429               0
0025460              3430               0            3431               0
0025500              3432               0            3433               0
0025520              3434               0            3435               0
0025540              3436               0            3437               0
0025560              3438               0            3439               0
0025600              3440               0            3441               0
0025620              3442               0            3443               0
0025640              3444               0            3445               0
0025660              3446               0            3447               0
0025700              3448               0            3449               0
0025720              3450               0            3451               0
0025740              3452               0            3453               0
0025760              3454               0            3455               0
0026000              3456               0            3457               0
0026020              3458               0            3459               0
0026040              3460               0            3461               0
0026060              3462               0            3463               0
0026100              3464               0            3465               0
0026120              3466               0            3467               0
0026140              3468               0            3469               0
0026160              3470               0            3471               0
0026200              3472               0            3473               0
0026220              3474               0            3475               0
0026240              3476               0            3477               0
0026260              3478               0            3479               0
0026300              3480               0            3481               0
0026320              3482               0            3483               0
0026340              3484               0            3485               0
0026360              3486               0            3487               0
0026400              3488               0            3489               0
0026420              3490               0            3491               0
0026440              3492               0            3493               0
0026460              3494               0            3495               0
0026500              3496               0            3497               0
0026520              3498               0            3499               0
0026540              3500               0            3501               0
0026560              3502               0            3503               0
0026600              3504               0            3505               0
0026620              3506               0            3507               0
0026640              3508               0            3509               0
0026660              3510               0            3511               0
0026700              3512               0            3513               0
0026720              3514               0            3515               0
0026740              3516               0            3517               0
0026760              3518               0            3519               0
0027000              3520               0            3521               0
0027020              3522               0            3523               0
0027040              3524               0            3525               0
0027060              3526               0            3527               0
0027100              3528               0            3529               0
0027120              3530               0            3531               0
0027140              3532               0            3533               0
0027160              3534               0            3535               0
0027200              3536               0            3537               0
0027220              3538               0            3539               0
0027240              3540               0            3541               0
0027260              3542               0            3543               0
0027300              3544               0            3545               0
0027320              3546               0            3547               0
0027340              3548               0            3549               0
0027360              3550               0            3551               0
0027400              3552               0            3553               0
0027420              3554               0            3555               0
0027440              3556               0            3557               0
0027460              3558               0            3559               0
0027500              3560               0            3561               0
0027520              3562               0            3563               0
0027540              3564               0            3565               0
0027560              3566               0            3567               0
0027600              3568               0            3569               0
0027620              3570               0            3571               0
0027640              3572               0            3573               0
0027660              3574               0            3575               0
0027700              3576               0            3577               0
0027720              3578               0            3579               0
0027740              3580               0            3581               0
0027760              3582               0            3583               0
0030000              3584               0            3585               0
0030020              3586               0            3587               0
0030040              3588               0            3589               0
0030060              3590               0            3591               0
0030100              3592               0            3593               0
0030120              3594               0            3595               0
0030140              3596               0            3597               0
0030160              3598               0            3599               0
0030200              3600               0            3601               0
0030220              3602               0            3603               0
0030240              3604               0            3605               0
0030260              3606               0            3607               0
0030300              3608               0            3609               0
0030320              3610               0            3611               0
0030340              3612               0            3613               0
0030360              3614               0            3615               0
0030400              3616               0            3617               0
0030420              3618               0            3619               0
0030440              3620               0            3621               0
0030460              3622               0            3623               0
0030500              3624               0            3625               0
0030520              3626               0            3627               0
0030540              3628               0            3629               0
0030560              3630               0            3631               0
0030600              3632               0            3633               0
0030620              3634               0            3635               0
0030640              3636               0            3637               0
0030660              3638               0            3639               0
0030700              3640               0            3641               0
0030720              3642               0            3643               0
0030740              3644               0            3645               0
0030760              3646               0            3647               0
0031000              3648               0            3649               0
0031020              3650               0            3651               0
0031040              3652               0            3653               0
0031060              3654               0            3655               0
0031100              3656               0            3657               0
0031120              3658               0            3659               0
0031140              3660               0            3661               0
0031160              3662               0            3663               0
0031200              3664               0            3665               0
0031220              3666               0            3667               0
0031240              3668               0            3669               0
0031260              3670               0            3671               0
0031300              3672               0            3673               0
0031320              3674               0            3675               0
0031340              3676               0            3677               0
0031360              3678               0            3679               0
0031400              3680               0            3681               0
0031420              3682               0            3683               0
0031440              3684               0            3685               0
0031460              3686               0            3687               0
0031500              3688               0            3689               0
0031520              3690               0            3691               0
0031540              3692               0            3693               0
0031560              3694               0            3695               0
0031600              3696               0            3697               0
0031620              3698               0            3699               0
0031640              3700               0            3701               0
0031660              3702               0            3703               0
0031700              3704               0            3705               0
0031720              3706               0            3707               0
0031740              3708               0            3709               0
0031760              3710               0            3711               0
0032000              3712               0            3713               0
0032020              3714               0            3715               0
0032040              3716               0            3717               0
0032060              3718               0            3719               0
0032100              3720               0            3721               0
0032120              3722               0            3723               0
0032140              3724               0            3725               0
0032160              3726               0            3727               0
0032200              3728               0            3729               0
0032220              3730               0            3731               0
0032240              3732               0            3733               0
0032260              3734               0            3735               0
0032300              3736               0            3737               0
0032320              3738               0            3739               0
0032340              3740               0            3741               0
0032360              3742               0            3743               0
0032400              3744               0            3745               0
0032420              3746               0            3747               0
0032440              3748               0            3749               0
0032460              3750               0            3751               0
0032500              3752               0            3753               0
0032520              3754               0            3755               0
0032540              3756               0            3757               0
0032560              3758               0            3759               0
0032600              3760               0            3761               0
0032620              3762               0            3763               0
0032640              3764               0            3765               0
0032660              3766               0            3767               0
0032700              3768               0            3769               0
0032720              3770               0            3771               0
0032740              3772               0            3773               0
0032760              3774               0            3775               0
0033000              3776               0            3777               0
0033020              3778               0            3779               0
0033040              3780               0            3781               0
0033060              3782               0            3783               0
0033100              3784               0            3785               0
0033120              3786               0            3787               0
0033140              3788               0            3789               0
0033160              3790               0            3791               0
0033200              3792               0            3793               0
0033220              3794               0            3795               0
0033240              3796               0            3797               0
0033260              3798               0            3799               0
0033300              3800               0            3801               0
0033320              3802               0            3803               0
0033340              3804               0            3805               0
0033360              3806               0            3807               0
0033400              3808               0            3809               0
0033420              3810               0            3811               0
0033440              3812               0            3813               0
0033460              3814               0            3815               0
0033500              3816               0            3817               0
0033520              3818               0            3819               0
0033540              3820               0            3821               0
0033560              3822               0            3823               0
0033600              3824               0            3825               0
0033620              3826               0            3827               0
0033640              3828               0            3829               0
0033660              3830               0            3831               0
0033700              3832               0            3833               0
0033720              3834               0            3835               0
0033740              3836               0            3837               0
0033760              3838               0            3839               0
0034000              3840               0            3841               0
0034020              3842               0            3843               0
0034040              3844               0            3845               0
0034060              3846               0            3847               0
0034100              3848               0            3849               0
0034120              3850               0            3851               0
0034140              3852               0            3853               0
0034160              3854               0            3855               0
0034200              3856               0            3857               0
0034220              3858               0            3859               0
0034240              3860               0            3861               0
0034260              3862               0            3863               0
0034300              3864               0            3865               0
0034320              3866               0            3867               0
0034340              3868               0            3869               0
0034360              3870               0            3871               0
0034400              3872               0            3873               0
0034420              3874               0            3875               0
0034440              3876               0            3877               0
0034460              3878               0            3879               0
0034500              3880               0            3881               0
0034520              3882               0            3883               0
0034540              3884               0            3885               0
0034560              3886               0            3887               0
0034600              3888               0            3889               0
0034620              3890               0            3891               0
0034640              3892               0            3893               0
0034660              3894               0            3895               0
0034700              3896               0            3897               0
0034720              3898               0            3899               0
0034740              3900               0            3901               0
0034760              3902               0            3903               0
0035000              3904               0            3905               0
0035020              3906               0            3907               0
0035040              3908               0            3909               0
0035060              3910               0            3911               0
0035100              3912               0            3913               0
0035120              3914               0            3915               0
0035140              3916               0            3917               0
0035160              3918               0            3919               0
0035200              3920               0            3921               0
0035220              3922               0            3923               0
0035240              3924               0            3925               0
0035260              3926               0            3927               0
0035300              3928               0            3929               0
0035320              3930               0            3931               0
0035340              3932               0            3933               0
0035360              3934               0            3935               0
0035400              3936               0            3937               0
0035420              3938               0            3939               0
0035440              3940               0            3941               0
0035460              3942               0            3943               0
0035500              3944               0            3945               0
0035520              3946               0            3947               0
0035540              3948               0            3949               0
0035560              3950               0            3951               0
0035600              3952               0            3953               0
0035620              3954               0            3955               0
0035640              3956               0            3957               0
0035660              3958               0            3959               0
0035700              3960               0            3961               0
0035720              3962               0            3963               0
0035740              3964               0            3965               0
0035760              3966               0            3967               0
0036000              3968               0            3969               0
0036020              3970               0            3971               0
0036040              3972               0            3973               0
0036060              3974               0            3975               0
0036100              3976               0            3977               0
0036120              3978               0            3979               0
0036140              3980               0            3981               0
0036160              3982               0            3983               0
0036200              3984               0            3985               0
0036220              3986               0            3987               0
0036240              3988               0            3989               0
0036260              3990               0            3991               0
0036300              3992               0            3993               0
0036320              3994               0            3995               0
0036340              3996               0            3997               0
0036360              3998               0            3999               0
0036400              4000               0            4001               0
0036420              4002               0            4003               0
0036440              4004               0            4005               0
0036460              4006               0            4007               0
0036500              4008               0            4009               0
0036520              4010               0            4011               0
0036540              4012               0            4013               0
0036560              4014               0            4015               0
0036600              4016               0            4017               0
0036620              4018               0            4019               0
0036640              4020               0            4021               0
0036660              4022               0            4023               0
0036700              4024               0            4025               0
0036720              4026               0            4027               0
0036740              4028               0            4029               0
0036760              4030               0            4031               0
0037000              4032               0            4033               0
0037020              4034               0            4035               0
0037040              4036               0            4037               0
0037060              4038               0            4039               0
0037100              4040               0            4041               0
0037120              4042               0            4043               0
0037140              4044               0            4045               0
0037160              4046               0            4047               0
0037200              4048               0            4049               0
0037220              4050               0            4051               0
0037240              4052               0            4053               0
0037260              4054               0            4055               0
0037300              4056               0            4057               0
0037320              4058               0            4059               0
0037340              4060               0            4061               0
0037360              4062               0            4063               0
0037400              4064               0            4065               0
0037420              4066               0            4067               0
0037440              4068               0            4069               0
0037460              4070               0            4071               0
0037500              4072               0            4073               0
0037520              4074               0            4075               0
0037540              4076               0            4077               0
0037560              4078               0            4079               0
0037600              4080               0            4081               0
0037620              4082               0            4083               0
0037640              4084               0            4085               0
0037660              4086               0            4087               0
0037700              4088               0            4089               0
0037720              4090               0            4091               0
0037740              4092               0            4093               0
0037760              4094               0            4095               0
0040000
