0000000              4096               0            4097               0
0000020              4098               0            4099               0
0000040              4100               0            4101               0
0000060              4102               0            4103               0
0000100              4104               0            4105               0
0000120              4106               0            4107               0
0000140              4108               0            4109               0
0000160              4110               0            4111               0
0000200              4112               0            4113               0
0000220              4114               0            4115               0
0000240              4116               0            4117               0
0000260              4118               0            4119               0
0000300              4120               0            4121               0
0000320              4122               0            4123               0
0000340              4124               0            4125               0
0000360              4126               0            4127               0
0000400              4128               0            4129               0
0000420              4130               0            4131               0
0000440              4132               0            4133               0
0000460              4134               0            4135               0
0000500              4136               0            4137               0
0000520              4138               0            4139               0
0000540              4140               0            4141               0
0000560              4142               0            4143               0
0000600              4144               0            4145               0
0000620              4146               0            4147               0
0000640              4148               0            4149               0
0000660              4150               0            4151               0
0000700              4152               0            4153               0
0000720              4154               0            4155               0
0000740              4156               0            4157               0
0000760              4158               0            4159               0
0001000              4160               0            4161               0
0001020              4162               0            4163               0
0001040              4164               0            4165               0
0001060              4166               0            4167               0
0001100              4168               0            4169               0
0001120              4170               0            4171               0
0001140              4172               0            4173               0
0001160              4174               0            4175               0
0001200              4176               0            4177               0
0001220              4178               0            4179               0
0001240              4180               0            4181               0
0001260              4182               0            4183               0
0001300              4184               0            4185               0
0001320              4186               0            4187               0
0001340              4188               0            4189               0
0001360              4190               0            4191               0
0001400              4192               0            4193               0
0001420              4194               0            4195               0
0001440              4196               0            4197               0
0001460              4198               0            4199               0
0001500              4200               0            4201               0
0001520              4202               0            4203               0
0001540              4204               0            4205               0
0001560              4206               0            4207               0
0001600              4208               0            4209               0
0001620              4210               0            4211               0
0001640              4212               0            4213               0
0001660              4214               0            4215               0
0001700              4216               0            4217               0
0001720              4218               0            4219               0
0001740              4220               0            4221               0
0001760              4222               0            4223               0
0002000              4224               0            4225               0
0002020              4226               0            4227               0
0002040              4228               0            4229               0
0002060              4230               0            4231               0
0002100              4232               0            4233               0
0002120              4234               0            4235               0
0002140              4236               0            4237               0
0002160              4238               0            4239               0
0002200              4240               0            4241               0
0002220              4242               0            4243               0
0002240              4244               0            4245               0
0002260              4246               0            4247               0
0002300              4248               0            4249               0
0002320              4250               0            4251               0
0002340              4252               0            4253               0
0002360              4254               0            4255               0
0002400              4256               0            4257               0
0002420              4258               0            4259               0
0002440              4260               0            4261               0
0002460              4262               0            4263               0
0002500              4264               0            4265               0
0002520              4266               0            4267               0
0002540              4268               0            4269               0
0002560              4270               0            4271               0
0002600              4272               0            4273               0
0002620              4274               0            4275               0
0002640              4276               0            4277               0
0002660              4278               0            4279               0
0002700              4280               0            4281               0
0002720              4282               0            4283               0
0002740              4284               0            4285               0
0002760              4286               0            4287               0
0003000              4288               0            4289               0
0003020              4290               0            4291               0
0003040              4292               0            4293               0
0003060              4294               0            4295               0
0003100              4296               0            4297               0
0003120              4298               0            4299               0
0003140              4300               0            4301               0
0003160              4302               0            4303               0
0003200              4304               0            4305               0
0003220              4306               0            4307               0
0003240              4308               0            4309               0
0003260              4310               0            4311               0
0003300              4312               0            4313               0
0003320              4314               0            4315               0
0003340              4316               0            4317               0
0003360              4318               0            4319               0
0003400              4320               0            4321               0
0003420              4322               0            4323               0
0003440              4324               0            4325               0
0003460              4326               0            4327               0
0003500              4328               0            4329               0
0003520              4330               0            4331               0
0003540              4332               0            4333               0
0003560              4334               0            4335               0
0003600              4336               0            4337               0
0003620              4338               0            4339               0
0003640              4340               0            4341               0
0003660              4342               0            4343               0
0003700              4344               0            4345               0
0003720              4346               0            4347               0
0003740              4348               0            4349               0
0003760              4350               0            4351               0
0004000              4352               0            4353               0
0004020              4354               0            4355               0
0004040              4356               0            4357               0
0004060              4358               0            4359               0
0004100              4360               0            4361               0
0004120              4362               0            4363               0
0004140              4364               0            4365               0
0004160              4366               0            4367               0
0004200              4368               0            4369               0
0004220              4370               0            4371               0
0004240              4372               0            4373               0
0004260              4374               0            4375               0
0004300              4376               0            4377               0
0004320              4378               0            4379               0
0004340              4380               0            4381               0
0004360              4382               0            4383               0
0004400              4384               0            4385               0
0004420              4386               0            4387               0
0004440              4388               0            4389               0
0004460              4390               0            4391               0
0004500              4392               0            4393               0
0004520              4394               0            4395               0
0004540              4396               0            4397               0
0004560              4398               0            4399               0
0004600              4400               0            4401               0
0004620              4402               0            4403               0
0004640              4404               0            4405               0
0004660              4406               0            4407               0
0004700              4408               0            4409               0
0004720              4410               0            4411               0
0004740              4412               0            4413               0
0004760              4414               0            4415               0
0005000              4416               0            4417               0
0005020              4418               0            4419               0
0005040              4420               0            4421               0
0005060              4422               0            4423               0
0005100              4424               0            4425               0
0005120              4426               0            4427               0
0005140              4428               0            4429               0
0005160              4430               0            4431               0
0005200              4432               0            4433               0
0005220              4434               0            4435               0
0005240              4436               0            4437               0
0005260              4438               0            4439               0
0005300              4440               0            4441               0
0005320              4442               0            4443               0
0005340              4444               0            4445               0
0005360              4446               0            4447               0
0005400              4448               0            4449               0
0005420              4450               0            4451               0
0005440              4452               0            4453               0
0005460              4454               0            4455               0
0005500              4456               0            4457               0
0005520              4458               0            4459               0
0005540              4460               0            4461               0
0005560              4462               0            4463               0
0005600              4464               0            4465               0
0005620              4466               0            4467               0
0005640              4468               0            4469               0
0005660              4470               0            4471               0
0005700              4472               0            4473               0
0005720              4474               0            4475               0
0005740              4476               0            4477               0
0005760              4478               0            4479               0
0006000              4480               0            4481               0
0006020              4482               0            4483               0
0006040              4484               0            4485               0
0006060              4486               0            4487               0
0006100              4488               0            4489               0
0006120              4490               0            4491               0
0006140              4492               0            4493               0
0006160              4494               0            4495               0
0006200              4496               0            4497               0
0006220              4498               0            4499               0
0006240              4500               0            4501               0
0006260              4502               0            4503               0
0006300              4504               0            4505               0
0006320              4506               0            4507               0
0006340              4508               0            4509               0
0006360              4510               0            4511               0
0006400              4512               0            4513               0
0006420              4514               0            4515               0
0006440              4516               0            4517               0
0006460              4518               0            4519               0
0006500              4520               0            4521               0
0006520              4522               0            4523               0
0006540              4524               0            4525               0
0006560              4526               0            4527               0
0006600              4528               0            4529               0
0006620              4530               0            4531               0
0006640              4532               0            4533               0
0006660              4534               0            4535               0
0006700              4536               0            4537               0
0006720              4538               0            4539               0
0006740              4540               0            4541               0
0006760              4542               0            4543               0
0007000              4544               0            4545               0
0007020              4546               0            4547               0
0007040              4548               0            4549               0
0007060              4550               0            4551               0
0007100              4552               0            4553               0
0007120              4554               0            4555               0
0007140              4556               0            4557               0
0007160              4558               0            4559               0
0007200              4560               0            4561               0
0007220              4562               0            4563               0
0007240              4564               0            4565               0
0007260              4566               0            4567               0
0007300              4568               0            4569               0
0007320              4570               0            4571               0
0007340              4572               0            4573               0
0007360              4574               0            4575               0
0007400              4576               0            4577               0
0007420              4578               0            4579               0
0007440              4580               0            4581               0
0007460              4582               0            4583               0
0007500              4584               0            4585               0
0007520              4586               0            4587               0
0007540              4588               0            4589               0
0007560              4590               0            4591               0
0007600              4592               0            4593               0
0007620              4594               0            4595               0
0007640              4596               0            4597               0
0007660              4598               0            4599               0
0007700              4600               0            4601               0
0007720              4602               0            4603               0
0007740              4604               0            4605               0
0007760              4606               0            4607               0
0010000              4608               0            4609               0
0010020              4610               0            4611               0
0010040              4612               0            4613               0
0010060              4614               0            4615               0
0010100              4616               0            4617               0
0010120              4618               0            4619               0
0010140              4620               0            4621               0
0010160              4622               0            4623               0
0010200              4624               0            4625               0
0010220              4626               0            4627               0
0010240              4628               0            4629               0
0010260              4630               0            4631               0
0010300              4632               0            4633               0
0010320              4634               0            4635               0
0010340              4636               0            4637               0
0010360              4638               0            4639               0
0010400              4640               0            4641               0
0010420              4642               0            4643               0
0010440              4644               0            4645               0
0010460              4646               0            4647               0
0010500              4648               0            4649               0
0010520              4650               0            4651               0
0010540              4652               0            4653               0
0010560              4654               0            4655               0
0010600              4656               0            4657               0
0010620              4658               0            4659               0
0010640              4660               0            4661               0
0010660              4662               0            4663               0
0010700              4664               0            4665               0
0010720              4666               0            4667               0
0010740              4668               0            4669               0
0010760              4670               0            4671               0
0011000              4672               0            4673               0
0011020              4674               0            4675               0
0011040              4676               0            4677               0
0011060              4678               0            4679               0
0011100              4680               0            4681               0
0011120              4682               0            4683               0
0011140              4684               0            4685               0
0011160              4686               0            4687               0
0011200              4688               0            4689               0
0011220              4690               0            4691               0
0011240              4692               0            4693               0
0011260              4694               0            4695               0
0011300              4696               0            4697               0
0011320              4698               0            4699               0
0011340              4700               0            4701               0
0011360              4702               0            4703               0
0011400              4704               0            4705               0
0011420              4706               0            4707               0
0011440              4708               0            4709               0
0011460              4710               0            4711               0
0011500              4712               0            4713               0
0011520              4714               0            4715               0
0011540              4716               0            4717               0
0011560              4718               0            4719               0
0011600              4720               0            4721               0
0011620              4722               0            4723               0
0011640              4724               0            4725               0
0011660              4726               0            4727               0
0011700              4728               0            4729               0
0011720              4730               0            4731               0
0011740              4732               0            4733               0
0011760              4734               0            4735               0
0012000              4736               0            4737               0
0012020              4738               0            4739               0
0012040              4740               0            4741               0
0012060              4742               0            4743               0
0012100              4744               0            4745               0
0012120              4746               0            4747               0
0012140              4748               0            4749               0
0012160              4750               0            4751               0
0012200              4752               0            4753               0
0012220              4754               0            4755               0
0012240              4756               0            4757               0
0012260              4758               0            4759               0
0012300              4760               0            4761               0
0012320              4762               0            4763               0
0012340              4764               0            4765               0
0012360              4766               0            4767               0
0012400              4768               0            4769               0
0012420              4770               0            4771               0
0012440              4772               0            4773               0
0012460              4774               0            4775               0
0012500              4776               0            4777               0
0012520              4778               0            4779               0
0012540              4780               0            4781               0
0012560              4782               0            4783               0
0012600              4784               0            4785               0
0012620              4786               0            4787               0
0012640              4788               0            4789               0
0012660              4790               0            4791               0
0012700              4792               0            4793               0
0012720              4794               0            4795               0
0012740              4796               0            4797               0
0012760              4798               0            4799               0
0013000              4800               0            4801               0
0013020              4802               0            4803               0
0013040              4804               0            4805               0
0013060              4806               0            4807               0
0013100              4808               0            4809               0
0013120              4810               0            4811               0
0013140              4812               0            4813               0
0013160              4814               0            4815               0
0013200              4816               0            4817               0
0013220              4818               0            4819               0
0013240              4820               0            4821               0
0013260              4822               0            4823               0
0013300              4824               0            4825               0
0013320              4826               0            4827               0
0013340              4828               0            4829               0
0013360              4830               0            4831               0
0013400              4832               0            4833               0
0013420              4834               0            4835               0
0013440              4836               0            4837               0
0013460              4838               0            4839               0
0013500              4840               0            4841               0
0013520              4842               0            4843               0
0013540              4844               0            4845               0
0013560              4846               0            4847               0
0013600              4848               0            4849               0
0013620              4850               0            4851               0
0013640              4852               0            4853               0
0013660              4854               0            4855               0
0013700              4856               0            4857               0
0013720              4858               0            4859               0
0013740              4860               0            4861               0
0013760              4862               0            4863               0
0014000              4864               0            4865               0
0014020              4866               0            4867               0
0014040              4868               0            4869               0
0014060              4870               0            4871               0
0014100              4872               0            4873               0
0014120              4874               0            4875               0
0014140              4876               0            4877               0
0014160              4878               0            4879               0
0014200              4880               0            4881               0
0014220              4882               0            4883               0
0014240              4884               0            4885               0
0014260              4886               0            4887               0
0014300              4888               0            4889               0
0014320              4890               0            4891               0
0014340              4892               0            4893               0
0014360              4894               0            4895               0
0014400              4896               0            4897               0
0014420              4898               0            4899               0
0014440              4900               0            4901               0
0014460              4902               0            4903               0
0014500              4904               0            4905               0
0014520              4906               0            4907               0
0014540              4908               0            4909               0
0014560              4910               0            4911               0
0014600              4912               0            4913               0
0014620              4914               0            4915               0
0014640              4916               0            4917               0
0014660              4918               0            4919               0
0014700              4920               0            4921               0
0014720              4922               0            4923               0
0014740              4924               0            4925               0
0014760              4926               0            4927               0
0015000              4928               0            4929               0
0015020              4930               0            4931               0
0015040              4932               0            4933               0
0015060              4934               0            4935               0
0015100              4936               0            4937               0
0015120              4938               0            4939               0
0015140              4940               0            4941               0
0015160              4942               0            4943               0
0015200              4944               0            4945               0
0015220              4946               0            4947               0
0015240              4948               0            4949               0
0015260              4950               0            4951               0
0015300              4952               0            4953               0
0015320              4954               0            4955               0
0015340              4956               0            4957               0
0015360              4958               0            4959               0
0015400              4960               0            4961               0
0015420              4962               0            4963               0
0015440              4964               0            4965               0
0015460              4966               0            4967               0
0015500              4968               0            4969               0
0015520              4970               0            4971               0
0015540              4972               0            4973               0
0015560              4974               0            4975               0
0015600              4976               0            4977               0
0015620              4978               0            4979               0
0015640              4980               0            4981               0
0015660              4982               0            4983               0
0015700              4984               0            4985               0
0015720              4986               0            4987               0
0015740              4988               0            4989               0
0015760              4990               0            4991               0
0016000              4992               0            4993               0
0016020              4994               0            4995               0
0016040              4996               0            4997               0
0016060              4998               0            4999               0
0016100              5000               0            5001               0
0016120              5002               0            5003               0
0016140              5004               0            5005               0
0016160              5006               0            5007               0
0016200              5008               0            5009               0
0016220              5010               0            5011               0
0016240              5012               0            5013               0
0016260              5014               0            5015               0
0016300              5016               0            5017               0
0016320              5018               0            5019               0
0016340              5020               0            5021               0
0016360              5022               0            5023               0
0016400              5024               0            5025               0
0016420              5026               0            5027               0
0016440              5028               0            5029               0
0016460              5030               0            5031               0
0016500              5032               0            5033               0
0016520              5034               0            5035               0
0016540              5036               0            5037               0
0016560              5038               0            5039               0
0016600              5040               0            5041               0
0016620              5042               0            5043               0
0016640              5044               0            5045               0
0016660              5046               0            5047               0
0016700              5048               0            5049               0
0016720              5050               0            5051               0
0016740              5052               0            5053               0
0016760              5054               0            5055               0
0017000              5056               0            5057               0
0017020              5058               0            5059               0
0017040              5060               0            5061               0
0017060              5062               0            5063               0
0017100              5064               0            5065               0
0017120              5066               0            5067               0
0017140              5068               0            5069               0
0017160              5070               0            5071               0
0017200              5072               0            5073               0
0017220              5074               0            5075               0
0017240              5076               0            5077               0
0017260              5078               0            5079               0
0017300              5080               0            5081               0
0017320              5082               0            5083               0
0017340              5084               0            5085               0
0017360              5086               0            5087               0
0017400              5088               0            5089               0
0017420              5090               0            5091               0
0017440              5092               0            5093               0
0017460              5094               0            5095               0
0017500              5096               0            5097               0
0017520              5098               0            5099               0
0017540              5100               0            5101               0
0017560              5102               0            5103               0
0017600              5104               0            5105               0
0017620              5106               0            5107               0
0017640              5108               0            5109               0
0017660              5110               0            5111               0
0017700              5112               0            5113               0
0017720              5114               0            5115               0
0017740              5116               0            5117               0
0017760              5118               0            5119               0
0020000              5120               0            5121               0
0020020              5122               0            5123               0
0020040              5124               0            5125               0
0020060              5126               0            5127               0
0020100              5128               0            5129               0
0020120              5130               0            5131               0
0020140              5132               0            5133               0
0020160              5134               0            5135               0
0020200              5136               0            5137               0
0020220              5138               0            5139               0
0020240              5140               0            5141               0
0020260              5142               0            5143               0
0020300              5144               0            5145               0
0020320              5146               0            5147               0
0020340              5148               0            5149               0
0020360              5150               0            5151               0
0020400              5152               0            5153               0
0020420              5154               0            5155               0
0020440              5156               0            5157               0
0020460              5158               0            5159               0
0020500              5160               0            5161               0
0020520              5162               0            5163               0
0020540              5164               0            5165               0
0020560              5166               0            5167               0
0020600              5168               0            5169               0
0020620              5170               0            5171               0
0020640              5172               0            5173               0
0020660              5174               0            5175               0
0020700              5176               0            5177               0
0020720              5178               0            5179               0
0020740              5180               0            5181               0
0020760              5182               0            5183               0
0021000              5184               0            5185               0
0021020              5186               0            5187               0
0021040              5188               0            5189               0
0021060              5190               0            5191               0
0021100              5192               0            5193               0
0021120              5194               0            5195               0
0021140              5196               0            5197               0
0021160              5198               0            5199               0
0021200              5200               0            5201               0
0021220              5202               0            5203               0
0021240              5204               0            5205               0
0021260              5206               0            5207               0
0021300              5208               0            5209               0
0021320              5210               0            5211               0
0021340              5212               0            5213               0
0021360              5214               0            5215               0
0021400              5216               0            5217               0
0021420              5218               0            5219               0
0021440              5220               0            5221               0
0021460              5222               0            5223               0
0021500              5224               0            5225               0
0021520              5226               0            5227               0
0021540              5228               0            5229               0
0021560              5230               0            5231               0
0021600              5232               0            5233               0
0021620              5234               0            5235               0
0021640              5236               0            5237               0
0021660              5238               0            5239               0
0021700              5240               0            5241               0
0021720              5242               0            5243               0
0021740              5244               0            5245               0
0021760              5246               0            5247               0
0022000              5248               0            5249               0
0022020              5250               0            5251               0
0022040              5252               0            5253               0
0022060              5254               0            5255               0
0022100              5256               0            5257               0
0022120              5258               0            5259               0
0022140              5260               0            5261               0
0022160              5262               0            5263               0
0022200              5264               0            5265               0
0022220              5266               0            5267               0
0022240              5268               0            5269               0
0022260              5270               0            5271               0
0022300              5272               0            5273               0
0022320              5274               0            5275               0
0022340              5276               0            5277               0
0022360              5278               0            5279               0
0022400              5280               0            5281               0
0022420              5282               0            5283               0
0022440              5284               0            5285               0
0022460              5286               0            5287               0
0022500              5288               0            5289               0
0022520              5290               0            5291               0
0022540              5292               0            5293               0
0022560              5294               0            5295               0
0022600              5296               0            5297               0
0022620              5298               0            5299               0
0022640              5300               0            5301               0
0022660              5302               0            5303               0
0022700              5304               0            5305               0
0022720              5306               0            5307               0
0022740              5308               0            5309               0
0022760              5310               0            5311               0
0023000              5312               0            5313               0
0023020              5314               0            5315               0
0023040              5316               0            5317               0
0023060              5318               0            5319               0
0023100              5320               0            5321               0
0023120              5322               0            5323               0
0023140              5324               0            5325               0
0023160              5326               0            5327               0
0023200              5328               0            5329               0
0023220              5330               0            5331               0
0023240              5332               0            5333               0
0023260              5334               0            5335               0
0023300              5336               0            5337               0
0023320              5338               0            5339               0
0023340              5340               0            5341               0
0023360              5342               0            5343               0
0023400              5344               0            5345               0
0023420              5346               0            5347               0
0023440              5348               0            5349               0
0023460              5350               0            5351               0
0023500              5352               0            5353               0
0023520              5354               0            5355               0
0023540              5356               0            5357               0
0023560              5358               0            5359               0
0023600              5360               0            5361               0
0023620              5362               0            5363               0
0023640              5364               0            5365               0
0023660              5366               0            5367               0
0023700              5368               0            5369               0
0023720              5370               0            5371               0
0023740              5372               0            5373               0
0023760              5374               0            5375               0
0024000              5376               0            5377               0
0024020              5378               0            5379               0
0024040              5380               0            5381               0
0024060              5382               0            5383               0
0024100              5384               0            5385               0
0024120              5386               0            5387               0
0024140              5388               0            5389               0
0024160              5390               0            5391               0
0024200              5392               0            5393               0
0024220              5394               0            5395               0
0024240              5396               0            5397               0
0024260              5398               0            5399               0
0024300              5400               0            5401               0
0024320              5402               0            5403               0
0024340              5404               0            5405               0
0024360              5406               0            5407               0
0024400              5408               0            5409               0
0024420              5410               0            5411               0
0024440              5412               0            5413               0
0024460              5414               0            5415               0
0024500              5416               0            5417               0
0024520              5418               0            5419               0
0024540              5420               0            5421               0
0024560              5422               0            5423               0
0024600              5424               0            5425               0
0024620              5426               0            5427               0
0024640              5428               0            5429               0
0024660              5430               0            5431               0
0024700              5432               0            5433               0
0024720              5434               0            5435               0
0024740              5436               0            5437               0
0024760              5438               0            5439               0
0025000              5440               0            5441               0
0025020              5442               0            5443               0
0025040              5444               0            5445               0
0025060              5446               0            5447               0
0025100              5448               0            5449               0
0025120              5450               0            5451               0
0025140              5452               0            5453               0
0025160              5454               0            5455               0
0025200              5456               0            5457               0
0025220              5458               0            5459               0
0025240              5460               0            5461               0
0025260              5462               0            5463               0
0025300              5464               0            5465               0
0025320              5466               0            5467               0
0025340              5468               0            5469               0
0025360              5470               0            5471               0
0025400              5472               0            5473               0
0025420              5474               0            5475               0
0025440              5476               0            5477               0
0025460              5478               0            5479               0
0025500              5480               0            5481               0
0025520              5482               0            5483               0
0025540              5484               0            5485               0
0025560              5486               0            5487               0
0025600              5488               0            5489               0
0025620              5490               0            5491               0
0025640              5492               0            5493               0
0025660              5494               0            5495               0
0025700              5496               0            5497               0
0025720              5498               0            5499               0
0025740              5500               0            5501               0
0025760              5502               0            5503               0
0026000              5504               0            5505               0
0026020              5506               0            5507               0
0026040              5508               0            5509               0
0026060              5510               0            5511               0
0026100              5512               0            5513               0
0026120              5514               0            5515               0
0026140              5516               0            5517               0
0026160              5518               0            5519               0
0026200              5520               0            5521               0
0026220              5522               0            5523               0
0026240              5524               0            5525               0
0026260              5526               0            5527               0
0026300              5528               0            5529               0
0026320              5530               0            5531               0
0026340              5532               0            5533               0
0026360              5534               0            5535               0
0026400              5536               0            5537               0
0026420              5538               0            5539               0
0026440              5540               0            5541               0
0026460              5542               0            5543               0
0026500              5544               0            5545               0
0026520              5546               0            5547               0
0026540              5548               0            5549               0
0026560              5550               0            5551               0
0026600              5552               0            5553               0
0026620              5554               0            5555               0
0026640              5556               0            5557               0
0026660              5558               0            5559               0
0026700              5560               0            5561               0
0026720              5562               0            5563               0
0026740              5564               0            5565               0
0026760              5566               0            5567               0
0027000              5568               0            5569               0
0027020              5570               0            5571               0
0027040              5572               0            5573               0
0027060              5574               0            5575               0
0027100              5576               0            5577               0
0027120              5578               0            5579               0
0027140              5580               0            5581               0
0027160              5582               0            5583               0
0027200              5584               0            5585               0
0027220              5586               0            5587               0
0027240              5588               0            5589               0
0027260              5590               0            5591               0
0027300              5592               0            5593               0
0027320              5594               0            5595               0
0027340              5596               0            5597               0
0027360              5598               0            5599               0
0027400              5600               0            5601               0
0027420              5602               0            5603               0
0027440              5604               0            5605               0
0027460              5606               0            5607               0
0027500              5608               0            5609               0
0027520              5610               0            5611               0
0027540              5612               0            5613               0
0027560              5614               0            5615               0
0027600              5616               0            5617               0
0027620              5618               0            5619               0
0027640              5620               0            5621               0
0027660              5622               0            5623               0
0027700              5624               0            5625               0
0027720              5626               0            5627               0
0027740              5628               0            5629               0
0027760              5630               0            5631               0
0030000              5632               0            5633               0
0030020              5634               0            5635               0
0030040              5636               0            5637               0
0030060              5638               0            5639               0
0030100              5640               0            5641               0
0030120              5642               0            5643               0
0030140              5644               0            5645               0
0030160              5646               0            5647               0
0030200              5648               0            5649               0
0030220              5650               0            5651               0
0030240              5652               0            5653               0
0030260              5654               0            5655               0
0030300              5656               0            5657               0
0030320              5658               0            5659               0
0030340              5660               0            5661               0
0030360              5662               0            5663               0
0030400              5664               0            5665               0
0030420              5666               0            5667               0
0030440              5668               0            5669               0
0030460              5670               0            5671               0
0030500              5672               0            5673               0
0030520              5674               0            5675               0
0030540              5676               0            5677               0
0030560              5678               0            5679               0
0030600              5680               0            5681               0
0030620              5682               0            5683               0
0030640              5684               0            5685               0
0030660              5686               0            5687               0
0030700              5688               0            5689               0
0030720              5690               0            5691               0
0030740              5692               0            5693               0
0030760              5694               0            5695               0
0031000              5696               0            5697               0
0031020              5698               0            5699               0
0031040              5700               0            5701               0
0031060              5702               0            5703               0
0031100              5704               0            5705               0
0031120              5706               0            5707               0
0031140              5708               0            5709               0
0031160              5710               0            5711               0
0031200              5712               0            5713               0
0031220              5714               0            5715               0
0031240              5716               0            5717               0
0031260              5718               0            5719               0
0031300              5720               0            5721               0
0031320              5722               0            5723               0
0031340              5724               0            5725               0
0031360              5726               0            5727               0
0031400              5728               0            5729               0
0031420              5730               0            5731               0
0031440              5732               0            5733               0
0031460              5734               0            5735               0
0031500              5736               0            5737               0
0031520              5738               0            5739               0
0031540              5740               0            5741               0
0031560              5742               0            5743               0
0031600              5744               0            5745               0
0031620              5746               0            5747               0
0031640              5748               0            5749               0
0031660              5750               0            5751               0
0031700              5752               0            5753               0
0031720              5754               0            5755               0
0031740              5756               0            5757               0
0031760              5758               0            5759               0
0032000              5760               0            5761               0
0032020              5762               0            5763               0
0032040              5764               0            5765               0
0032060              5766               0            5767               0
0032100              5768               0            5769               0
0032120              5770               0            5771               0
0032140              5772               0            5773               0
0032160              5774               0            5775               0
0032200              5776               0            5777               0
0032220              5778               0            5779               0
0032240              5780               0            5781               0
0032260              5782               0            5783               0
0032300              5784               0            5785               0
0032320              5786               0            5787               0
0032340              5788               0            5789               0
0032360              5790               0            5791               0
0032400              5792               0            5793               0
0032420              5794               0            5795               0
0032440              5796               0            5797               0
0032460              5798               0            5799               0
0032500              5800               0            5801               0
0032520              5802               0            5803               0
0032540              5804               0            5805               0
0032560              5806               0            5807               0
0032600              5808               0            5809               0
0032620              5810               0            5811               0
0032640              5812               0            5813               0
0032660              5814               0            5815               0
0032700              5816               0            5817               0
0032720              5818               0            5819               0
0032740              5820               0            5821               0
0032760              5822               0            5823               0
0033000              5824               0            5825               0
0033020              5826               0            5827               0
0033040              5828               0            5829               0
0033060              5830               0            5831               0
0033100              5832               0            5833               0
0033120              5834               0            5835               0
0033140              5836               0            5837               0
0033160              5838               0            5839               0
0033200              5840               0            5841               0
0033220              5842               0            5843               0
0033240              5844               0            5845               0
0033260              5846               0            5847               0
0033300              5848               0            5849               0
0033320              5850               0            5851               0
0033340              5852               0            5853               0
0033360              5854               0            5855               0
0033400              5856               0            5857               0
0033420              5858               0            5859               0
0033440              5860               0            5861               0
0033460              5862               0            5863               0
0033500              5864               0            5865               0
0033520              5866               0            5867               0
0033540              5868               0            5869               0
0033560              5870               0            5871               0
0033600              5872               0            5873               0
0033620              5874               0            5875               0
0033640              5876               0            5877               0
0033660              5878               0            5879               0
0033700              5880               0            5881               0
0033720              5882               0            5883               0
0033740              5884               0            5885               0
0033760              5886               0            5887               0
0034000              5888               0            5889               0
0034020              5890               0            5891               0
0034040              5892               0            5893               0
0034060              5894               0            5895               0
0034100              5896               0            5897               0
0034120              5898               0            5899               0
0034140              5900               0            5901               0
0034160              5902               0            5903               0
0034200              5904               0            5905               0
0034220              5906               0            5907               0
0034240              5908               0            5909               0
0034260              5910               0            5911               0
0034300              5912               0            5913               0
0034320              5914               0            5915               0
0034340              5916               0            5917               0
0034360              5918               0            5919               0
0034400              5920               0            5921               0
0034420              5922               0            5923               0
0034440              5924               0            5925               0
0034460              5926               0            5927               0
0034500              5928               0            5929               0
0034520              5930               0            5931               0
0034540              5932               0            5933               0
0034560              5934               0            5935               0
0034600              5936               0            5937               0
0034620              5938               0            5939               0
0034640              5940               0            5941               0
0034660              5942               0            5943               0
0034700              5944               0            5945               0
0034720              5946               0            5947               0
0034740              5948               0            5949               0
0034760              5950               0            5951               0
0035000              5952               0            5953               0
0035020              5954               0            5955               0
0035040              5956               0            5957               0
0035060              5958               0            5959               0
0035100              5960               0            5961               0
0035120              5962               0            5963               0
0035140              5964               0            5965               0
0035160              5966               0            5967               0
0035200              5968               0            5969               0
0035220              5970               0            5971               0
0035240              5972               0            5973               0
0035260              5974               0            5975               0
0035300              5976               0            5977               0
0035320              5978               0            5979               0
0035340              5980               0            5981               0
0035360              5982               0            5983               0
0035400              5984               0            5985               0
0035420              5986               0            5987               0
0035440              5988               0            5989               0
0035460              5990               0            5991               0
0035500              5992               0            5993               0
0035520              5994               0            5995               0
0035540              5996               0            5997               0
0035560              5998               0            5999               0
0035600              6000               0            6001               0
0035620              6002               0            6003               0
0035640              6004               0            6005               0
0035660              6006               0            6007               0
0035700              6008               0            6009               0
0035720              6010               0            6011               0
0035740              6012               0            6013               0
0035760              6014               0            6015               0
0036000              6016               0            6017               0
0036020              6018               0            6019               0
0036040              6020               0            6021               0
0036060              6022               0            6023               0
0036100              6024               0            6025               0
0036120              6026               0            6027               0
0036140              6028               0            6029               0
0036160              6030               0            6031               0
0036200              6032               0            6033               0
0036220              6034               0            6035               0
0036240              6036               0            6037               0
0036260              6038               0            6039               0
0036300              6040               0            6041               0
0036320              6042               0            6043               0
0036340              6044               0            6045               0
0036360              6046               0            6047               0
0036400              6048               0            6049               0
0036420              6050               0            6051               0
0036440              6052               0            6053               0
0036460              6054               0            6055               0
0036500              6056               0            6057               0
0036520              6058               0            6059               0
0036540              6060               0            6061               0
0036560              6062               0            6063               0
0036600              6064               0            6065               0
0036620              6066               0            6067               0
0036640              6068               0            6069               0
0036660              6070               0            6071               0
0036700              6072               0            6073               0
0036720              6074               0            6075               0
0036740              6076               0            6077               0
0036760              6078               0            6079               0
0037000              6080               0            6081               0
0037020              6082               0            6083               0
0037040              6084               0            6085               0
0037060              6086               0            6087               0
0037100              6088               0            6089               0
0037120              6090               0            6091               0
0037140              6092               0            6093               0
0037160              6094               0            6095               0
0037200              6096               0            6097               0
0037220              6098               0            6099               0
0037240              6100               0            6101               0
0037260              6102               0            6103               0
0037300              6104               0            6105               0
0037320              6106               0            6107               0
0037340              6108               0            6109               0
0037360              6110               0            6111               0
0037400              6112               0            6113               0
0037420              6114               0            6115               0
0037440              6116               0            6117               0
0037460              6118               0            6119               0
0037500              6120               0            6121               0
0037520              6122               0            6123               0
0037540              6124               0            6125               0
0037560              6126               0            6127               0
0037600              6128               0            6129               0
0037620              6130               0            6131               0
0037640              6132               0            6133               0
0037660              6134               0            6135               0
0037700              6136               0            6137               0
0037720              6138               0            6139               0
0037740              6140               0            6141               0
0037760              6142               0            6143               0
0040000
