0000000              6144               0            6145               0
0000020              6146               0            6147               0
0000040              6148               0            6149               0
0000060              6150               0            6151               0
0000100              6152               0            6153               0
0000120              6154               0            6155               0
0000140              6156               0            6157               0
0000160              6158               0            6159               0
0000200              6160               0            6161               0
0000220              6162               0            6163               0
0000240              6164               0            6165               0
0000260              6166               0            6167               0
0000300              6168               0            6169               0
0000320              6170               0            6171               0
0000340              6172               0            6173               0
0000360              6174               0            6175               0
0000400              6176               0            6177               0
0000420              6178               0            6179               0
0000440              6180               0            6181               0
0000460              6182               0            6183               0
0000500              6184               0            6185               0
0000520              6186               0            6187               0
0000540              6188               0            6189               0
0000560              6190               0            6191               0
0000600              6192               0            6193               0
0000620              6194               0            6195               0
0000640              6196               0            6197               0
0000660              6198               0            6199               0
0000700              6200               0            6201               0
0000720              6202               0            6203               0
0000740              6204               0            6205               0
0000760              6206               0            6207               0
0001000              6208               0            6209               0
0001020              6210               0            6211               0
0001040              6212               0            6213               0
0001060              6214               0            6215               0
0001100              6216               0            6217               0
0001120              6218               0            6219               0
0001140              6220               0            6221               0
0001160              6222               0            6223               0
0001200              6224               0            6225               0
0001220              6226               0            6227               0
0001240              6228               0            6229               0
0001260              6230               0            6231               0
0001300              6232               0            6233               0
0001320              6234               0            6235               0
0001340              6236               0            6237               0
0001360              6238               0            6239               0
0001400              6240               0            6241               0
0001420              6242               0            6243               0
0001440              6244               0            6245               0
0001460              6246               0            6247               0
0001500              6248               0            6249               0
0001520              6250               0            6251               0
0001540              6252               0            6253               0
0001560              6254               0            6255               0
0001600              6256               0            6257               0
0001620              6258               0            6259               0
0001640              6260               0            6261               0
0001660              6262               0            6263               0
0001700              6264               0            6265               0
0001720              6266               0            6267               0
0001740              6268               0            6269               0
0001760              6270               0            6271               0
0002000              6272               0            6273               0
0002020              6274               0            6275               0
0002040              6276               0            6277               0
0002060              6278               0            6279               0
0002100              6280               0            6281               0
0002120              6282               0            6283               0
0002140              6284               0            6285               0
0002160              6286               0            6287               0
0002200              6288               0            6289               0
0002220              6290               0            6291               0
0002240              6292               0            6293               0
0002260              6294               0            6295               0
0002300              6296               0            6297               0
0002320              6298               0            6299               0
0002340              6300               0            6301               0
0002360              6302               0            6303               0
0002400              6304               0            6305               0
0002420              6306               0            6307               0
0002440              6308               0            6309               0
0002460              6310               0            6311               0
0002500              6312               0            6313               0
0002520              6314               0            6315               0
0002540              6316               0            6317               0
0002560              6318               0            6319               0
0002600              6320               0            6321               0
0002620              6322               0            6323               0
0002640              6324               0            6325               0
0002660              6326               0            6327               0
0002700              6328               0            6329               0
0002720              6330               0            6331               0
0002740              6332               0            6333               0
0002760              6334               0            6335               0
0003000              6336               0            6337               0
0003020              6338               0            6339               0
0003040              6340               0            6341               0
0003060              6342               0            6343               0
0003100              6344               0            6345               0
0003120              6346               0            6347               0
0003140              6348               0            6349               0
0003160              6350               0            6351               0
0003200              6352               0            6353               0
0003220              6354               0            6355               0
0003240              6356               0            6357               0
0003260              6358               0            6359               0
0003300              6360               0            6361               0
0003320              6362               0            6363               0
0003340              6364               0            6365               0
0003360              6366               0            6367               0
0003400              6368               0            6369               0
0003420              6370               0            6371               0
0003440              6372               0            6373               0
0003460              6374               0            6375               0
0003500              6376               0            6377               0
0003520              6378               0            6379               0
0003540              6380               0            6381               0
0003560              6382               0            6383               0
0003600              6384               0            6385               0
0003620              6386               0            6387               0
0003640              6388               0            6389               0
0003660              6390               0            6391               0
0003700              6392               0            6393               0
0003720              6394               0            6395               0
0003740              6396               0            6397               0
0003760              6398               0            6399               0
0004000              6400               0            6401               0
0004020              6402               0            6403               0
0004040              6404               0            6405               0
0004060              6406               0            6407               0
0004100              6408               0            6409               0
0004120              6410               0            6411               0
0004140              6412               0            6413               0
0004160              6414               0            6415               0
0004200              6416               0            6417               0
0004220              6418               0            6419               0
0004240              6420               0            6421               0
0004260              6422               0            6423               0
0004300              6424               0            6425               0
0004320              6426               0            6427               0
0004340              6428               0            6429               0
0004360              6430               0            6431               0
0004400              6432               0            6433               0
0004420              6434               0            6435               0
0004440              6436               0            6437               0
0004460              6438               0            6439               0
0004500              6440               0            6441               0
0004520              6442               0            6443               0
0004540              6444               0            6445               0
0004560              6446               0            6447               0
0004600              6448               0            6449               0
0004620              6450               0            6451               0
0004640              6452               0            6453               0
0004660              6454               0            6455               0
0004700              6456               0            6457               0
0004720              6458               0            6459               0
0004740              6460               0            6461               0
0004760              6462               0            6463               0
0005000              6464               0            6465               0
0005020              6466               0            6467               0
0005040              6468               0            6469               0
0005060              6470               0            6471               0
0005100              6472               0            6473               0
0005120              6474               0            6475               0
0005140              6476               0            6477               0
0005160              6478               0            6479               0
0005200              6480               0            6481               0
0005220              6482               0            6483               0
0005240              6484               0            6485               0
0005260              6486               0            6487               0
0005300              6488               0            6489               0
0005320              6490               0            6491               0
0005340              6492               0            6493               0
0005360              6494               0            6495               0
0005400              6496               0            6497               0
0005420              6498               0            6499               0
0005440              6500               0            6501               0
0005460              6502               0            6503               0
0005500              6504               0            6505               0
0005520              6506               0            6507               0
0005540              6508               0            6509               0
0005560              6510               0            6511               0
0005600              6512               0            6513               0
0005620              6514               0            6515               0
0005640              6516               0            6517               0
0005660              6518               0            6519               0
0005700              6520               0            6521               0
0005720              6522               0            6523               0
0005740              6524               0            6525               0
0005760              6526               0            6527               0
0006000              6528               0            6529               0
0006020              6530               0            6531               0
0006040              6532               0            6533               0
0006060              6534               0            6535               0
0006100              6536               0            6537               0
0006120              6538               0            6539               0
0006140              6540               0            6541               0
0006160              6542               0            6543               0
0006200              6544               0            6545               0
0006220              6546               0            6547               0
0006240              6548               0            6549               0
0006260              6550               0            6551               0
0006300              6552               0            6553               0
0006320              6554               0            6555               0
0006340              6556               0            6557               0
0006360              6558               0            6559               0
0006400              6560               0            6561               0
0006420              6562               0            6563               0
0006440              6564               0            6565               0
0006460              6566               0            6567               0
0006500              6568               0            6569               0
0006520              6570               0            6571               0
0006540              6572               0            6573               0
0006560              6574               0            6575               0
0006600              6576               0            6577               0
0006620              6578               0            6579               0
0006640              6580               0            6581               0
0006660              6582               0            6583               0
0006700              6584               0            6585               0
0006720              6586               0            6587               0
0006740              6588               0            6589               0
0006760              6590               0            6591               0
0007000              6592               0            6593               0
0007020              6594               0            6595               0
0007040              6596               0            6597               0
0007060              6598               0            6599               0
0007100              6600               0            6601               0
0007120              6602               0            6603               0
0007140              6604               0            6605               0
0007160              6606               0            6607               0
0007200              6608               0            6609               0
0007220              6610               0            6611               0
0007240              6612               0            6613               0
0007260              6614               0            6615               0
0007300              6616               0            6617               0
0007320              6618               0            6619               0
0007340              6620               0            6621               0
0007360              6622               0            6623               0
0007400              6624               0            6625               0
0007420              6626               0            6627               0
0007440              6628               0            6629               0
0007460              6630               0            6631               0
0007500              6632               0            6633               0
0007520              6634               0            6635               0
0007540              6636               0            6637               0
0007560              6638               0            6639               0
0007600              6640               0            6641               0
0007620              6642               0            6643               0
0007640              6644               0            6645               0
0007660              6646               0            6647               0
0007700              6648               0            6649               0
0007720              6650               0            6651               0
0007740              6652               0            6653               0
0007760              6654               0            6655               0
0010000              6656               0            6657               0
0010020              6658               0            6659               0
0010040              6660               0            6661               0
0010060              6662               0            6663               0
0010100              6664               0            6665               0
0010120              6666               0            6667               0
0010140              6668               0            6669               0
0010160              6670               0            6671               0
0010200              6672               0            6673               0
0010220              6674               0            6675               0
0010240              6676               0            6677               0
0010260              6678               0            6679               0
0010300              6680               0            6681               0
0010320              6682               0            6683               0
0010340              6684               0            6685               0
0010360              6686               0            6687               0
0010400              6688               0            6689               0
0010420              6690               0            6691               0
0010440              6692               0            6693               0
0010460              6694               0            6695               0
0010500              6696               0            6697               0
0010520              6698               0            6699               0
0010540              6700               0            6701               0
0010560              6702               0            6703               0
0010600              6704               0            6705               0
0010620              6706               0            6707               0
0010640              6708               0            6709               0
0010660              6710               0            6711               0
0010700              6712               0            6713               0
0010720              6714               0            6715               0
0010740              6716               0            6717               0
0010760              6718               0            6719               0
0011000              6720               0            6721               0
0011020              6722               0            6723               0
0011040              6724               0            6725               0
0011060              6726               0            6727               0
0011100              6728               0            6729               0
0011120              6730               0            6731               0
0011140              6732               0            6733               0
0011160              6734               0            6735               0
0011200              6736               0            6737               0
0011220              6738               0            6739               0
0011240              6740               0            6741               0
0011260              6742               0            6743               0
0011300              6744               0            6745               0
0011320              6746               0            6747               0
0011340              6748               0            6749               0
0011360              6750               0            6751               0
0011400              6752               0            6753               0
0011420              6754               0            6755               0
0011440              6756               0            6757               0
0011460              6758               0            6759               0
0011500              6760               0            6761               0
0011520              6762               0            6763               0
0011540              6764               0            6765               0
0011560              6766               0            6767               0
0011600              6768               0            6769               0
0011620              6770               0            6771               0
0011640              6772               0            6773               0
0011660              6774               0            6775               0
0011700              6776               0            6777               0
0011720              6778               0            6779               0
0011740              6780               0            6781               0
0011760              6782               0            6783               0
0012000              6784               0            6785               0
0012020              6786               0            6787               0
0012040              6788               0            6789               0
0012060              6790               0            6791               0
0012100              6792               0            6793               0
0012120              6794               0            6795               0
0012140              6796               0            6797               0
0012160              6798               0            6799               0
0012200              6800               0            6801               0
0012220              6802               0            6803               0
0012240              6804               0            6805               0
0012260              6806               0            6807               0
0012300              6808               0            6809               0
0012320              6810               0            6811               0
0012340              6812               0            6813               0
0012360              6814               0            6815               0
0012400              6816               0            6817               0
0012420              6818               0            6819               0
0012440              6820               0            6821               0
0012460              6822               0            6823               0
0012500              6824               0            6825               0
0012520              6826               0            6827               0
0012540              6828               0            6829               0
0012560              6830               0            6831               0
0012600              6832               0            6833               0
0012620              6834               0            6835               0
0012640              6836               0            6837               0
0012660              6838               0            6839               0
0012700              6840               0            6841               0
0012720              6842               0            6843               0
0012740              6844               0            6845               0
0012760              6846               0            6847               0
0013000              6848               0            6849               0
0013020              6850               0            6851               0
0013040              6852               0            6853               0
0013060              6854               0            6855               0
0013100              6856               0            6857               0
0013120              6858               0            6859               0
0013140              6860               0            6861               0
0013160              6862               0            6863               0
0013200              6864               0            6865               0
0013220              6866               0            6867               0
0013240              6868               0            6869               0
0013260              6870               0            6871               0
0013300              6872               0            6873               0
0013320              6874               0            6875               0
0013340              6876               0            6877               0
0013360              6878               0            6879               0
0013400              6880               0            6881               0
0013420              6882               0            6883               0
0013440              6884               0            6885               0
0013460              6886               0            6887               0
0013500              6888               0            6889               0
0013520              6890               0            6891               0
0013540              6892               0            6893               0
0013560              6894               0            6895               0
0013600              6896               0            6897               0
0013620              6898               0            6899               0
0013640              6900               0            6901               0
0013660              6902               0            6903               0
0013700              6904               0            6905               0
0013720              6906               0            6907               0
0013740              6908               0            6909               0
0013760              6910               0            6911               0
0014000              6912               0            6913               0
0014020              6914               0            6915               0
0014040              6916               0            6917               0
0014060              6918               0            6919               0
0014100              6920               0            6921               0
0014120              6922               0            6923               0
0014140              6924               0            6925               0
0014160              6926               0            6927               0
0014200              6928               0            6929               0
0014220              6930               0            6931               0
0014240              6932               0            6933               0
0014260              6934               0            6935               0
0014300              6936               0            6937               0
0014320              6938               0            6939               0
0014340              6940               0            6941               0
0014360              6942               0            6943               0
0014400              6944               0            6945               0
0014420              6946               0            6947               0
0014440              6948               0            6949               0
0014460              6950               0            6951               0
0014500              6952               0            6953               0
0014520              6954               0            6955               0
0014540              6956               0            6957               0
0014560              6958               0            6959               0
0014600              6960               0            6961               0
0014620              6962               0            6963               0
0014640              6964               0            6965               0
0014660              6966               0            6967               0
0014700              6968               0            6969               0
0014720              6970               0            6971               0
0014740              6972               0            6973               0
0014760              6974               0            6975               0
0015000              6976               0            6977               0
0015020              6978               0            6979               0
0015040              6980               0            6981               0
0015060              6982               0            6983               0
0015100              6984               0            6985               0
0015120              6986               0            6987               0
0015140              6988               0            6989               0
0015160              6990               0            6991               0
0015200              6992               0            6993               0
0015220              6994               0            6995               0
0015240              6996               0            6997               0
0015260              6998               0            6999               0
0015300              7000               0            7001               0
0015320              7002               0            7003               0
0015340              7004               0            7005               0
0015360              7006               0            7007               0
0015400              7008               0            7009               0
0015420              7010               0            7011               0
0015440              7012               0            7013               0
0015460              7014               0            7015               0
0015500              7016               0            7017               0
0015520              7018               0            7019               0
0015540              7020               0            7021               0
0015560              7022               0            7023               0
0015600              7024               0            7025               0
0015620              7026               0            7027               0
0015640              7028               0            7029               0
0015660              7030               0            7031               0
0015700              7032               0            7033               0
0015720              7034               0            7035               0
0015740              7036               0            7037               0
0015760              7038               0            7039               0
0016000              7040               0            7041               0
0016020              7042               0            7043               0
0016040              7044               0            7045               0
0016060              7046               0            7047               0
0016100              7048               0            7049               0
0016120              7050               0            7051               0
0016140              7052               0            7053               0
0016160              7054               0            7055               0
0016200              7056               0            7057               0
0016220              7058               0            7059               0
0016240              7060               0            7061               0
0016260              7062               0            7063               0
0016300              7064               0            7065               0
0016320              7066               0            7067               0
0016340              7068               0            7069               0
0016360              7070               0            7071               0
0016400              7072               0            7073               0
0016420              7074               0            7075               0
0016440              7076               0            7077               0
0016460              7078               0            7079               0
0016500              7080               0            7081               0
0016520              7082               0            7083               0
0016540              7084               0            7085               0
0016560              7086               0            7087               0
0016600              7088               0            7089               0
0016620              7090               0            7091               0
0016640              7092               0            7093               0
0016660              7094               0            7095               0
0016700              7096               0            7097               0
0016720              7098               0            7099               0
0016740              7100               0            7101               0
0016760              7102               0            7103               0
0017000              7104               0            7105               0
0017020              7106               0            7107               0
0017040              7108               0            7109               0
0017060              7110               0            7111               0
0017100              7112               0            7113               0
0017120              7114               0            7115               0
0017140              7116               0            7117               0
0017160              7118               0            7119               0
0017200              7120               0            7121               0
0017220              7122               0            7123               0
0017240              7124               0            7125               0
0017260              7126               0            7127               0
0017300              7128               0            7129               0
0017320              7130               0            7131               0
0017340              7132               0            7133               0
0017360              7134               0            7135               0
0017400              7136               0            7137               0
0017420              7138               0            7139               0
0017440              7140               0            7141               0
0017460              7142               0            7143               0
0017500              7144               0            7145               0
0017520              7146               0            7147               0
0017540              7148               0            7149               0
0017560              7150               0            7151               0
0017600              7152               0            7153               0
0017620              7154               0            7155               0
0017640              7156               0            7157               0
0017660              7158               0            7159               0
0017700              7160               0            7161               0
0017720              7162               0            7163               0
0017740              7164               0            7165               0
0017760              7166               0            7167               0
0020000              7168               0            7169               0
0020020              7170               0            7171               0
0020040              7172               0            7173               0
0020060              7174               0            7175               0
0020100              7176               0            7177               0
0020120              7178               0            7179               0
0020140              7180               0            7181               0
0020160              7182               0            7183               0
0020200              7184               0            7185               0
0020220              7186               0            7187               0
0020240              7188               0            7189               0
0020260              7190               0            7191               0
0020300              7192               0            7193               0
0020320              7194               0            7195               0
0020340              7196               0            7197               0
0020360              7198               0            7199               0
0020400              7200               0            7201               0
0020420              7202               0            7203               0
0020440              7204               0            7205               0
0020460              7206               0            7207               0
0020500              7208               0            7209               0
0020520              7210               0            7211               0
0020540              7212               0            7213               0
0020560              7214               0            7215               0
0020600              7216               0            7217               0
0020620              7218               0            7219               0
0020640              7220               0            7221               0
0020660              7222               0            7223               0
0020700              7224               0            7225               0
0020720              7226               0            7227               0
0020740              7228               0            7229               0
0020760              7230               0            7231               0
0021000              7232               0            7233               0
0021020              7234               0            7235               0
0021040              7236               0            7237               0
0021060              7238               0            7239               0
0021100              7240               0            7241               0
0021120              7242               0            7243               0
0021140              7244               0            7245               0
0021160              7246               0            7247               0
0021200              7248               0            7249               0
0021220              7250               0            7251               0
0021240              7252               0            7253               0
0021260              7254               0            7255               0
0021300              7256               0            7257               0
0021320              7258               0            7259               0
0021340              7260               0            7261               0
0021360              7262               0            7263               0
0021400              7264               0            7265               0
0021420              7266               0            7267               0
0021440              7268               0            7269               0
0021460              7270               0            7271               0
0021500              7272               0            7273               0
0021520              7274               0            7275               0
0021540              7276               0            7277               0
0021560              7278               0            7279               0
0021600              7280               0            7281               0
0021620              7282               0            7283               0
0021640              7284               0            7285               0
0021660              7286               0            7287               0
0021700              7288               0            7289               0
0021720              7290               0            7291               0
0021740              7292               0            7293               0
0021760              7294               0            7295               0
0022000              7296               0            7297               0
0022020              7298               0            7299               0
0022040              7300               0            7301               0
0022060              7302               0            7303               0
0022100              7304               0            7305               0
0022120              7306               0            7307               0
0022140              7308               0            7309               0
0022160              7310               0            7311               0
0022200              7312               0            7313               0
0022220              7314               0            7315               0
0022240              7316               0            7317               0
0022260              7318               0            7319               0
0022300              7320               0            7321               0
0022320              7322               0            7323               0
0022340              7324               0            7325               0
0022360              7326               0            7327               0
0022400              7328               0            7329               0
0022420              7330               0            7331               0
0022440              7332               0            7333               0
0022460              7334               0            7335               0
0022500              7336               0            7337               0
0022520              7338               0            7339               0
0022540              7340               0            7341               0
0022560              7342               0            7343               0
0022600              7344               0            7345               0
0022620              7346               0            7347               0
0022640              7348               0            7349               0
0022660              7350               0            7351               0
0022700              7352               0            7353               0
0022720              7354               0            7355               0
0022740              7356               0            7357               0
0022760              7358               0            7359               0
0023000              7360               0            7361               0
0023020              7362               0            7363               0
0023040              7364               0            7365               0
0023060              7366               0            7367               0
0023100              7368               0            7369               0
0023120              7370               0            7371               0
0023140              7372               0            7373               0
0023160              7374               0            7375               0
0023200              7376               0            7377               0
0023220              7378               0            7379               0
0023240              7380               0            7381               0
0023260              7382               0            7383               0
0023300              7384               0            7385               0
0023320              7386               0            7387               0
0023340              7388               0            7389               0
0023360              7390               0            7391               0
0023400              7392               0            7393               0
0023420              7394               0            7395               0
0023440              7396               0            7397               0
0023460              7398               0            7399               0
0023500              7400               0            7401               0
0023520              7402               0            7403               0
0023540              7404               0            7405               0
0023560              7406               0            7407               0
0023600              7408               0            7409               0
0023620              7410               0            7411               0
0023640              7412               0            7413               0
0023660              7414               0            7415               0
0023700              7416               0            7417               0
0023720              7418               0            7419               0
0023740              7420               0            7421               0
0023760              7422               0            7423               0
0024000              7424               0            7425               0
0024020              7426               0            7427               0
0024040              7428               0            7429               0
0024060              7430               0            7431               0
0024100              7432               0            7433               0
0024120              7434               0            7435               0
0024140              7436               0            7437               0
0024160              7438               0            7439               0
0024200              7440               0            7441               0
0024220              7442               0            7443               0
0024240              7444               0            7445               0
0024260              7446               0            7447               0
0024300              7448               0            7449               0
0024320              7450               0            7451               0
0024340              7452               0            7453               0
0024360              7454               0            7455               0
0024400              7456               0            7457               0
0024420              7458               0            7459               0
0024440              7460               0            7461               0
0024460              7462               0            7463               0
0024500              7464               0            7465               0
0024520              7466               0            7467               0
0024540              7468               0            7469               0
0024560              7470               0            7471               0
0024600              7472               0            7473               0
0024620              7474               0            7475               0
0024640              7476               0            7477               0
0024660              7478               0            7479               0
0024700              7480               0            7481               0
0024720              7482               0            7483               0
0024740              7484               0            7485               0
0024760              7486               0            7487               0
0025000              7488               0            7489               0
0025020              7490               0            7491               0
0025040              7492               0            7493               0
0025060              7494               0            7495               0
0025100              7496               0            7497               0
0025120              7498               0            7499               0
0025140              7500               0            7501               0
0025160              7502               0            7503               0
0025200              7504               0            7505               0
0025220              7506               0            7507               0
0025240              7508               0            7509               0
0025260              7510               0            7511               0
0025300              7512               0            7513               0
0025320              7514               0            7515               0
0025340              7516               0            7517               0
0025360              7518               0            7519               0
0025400              7520               0            7521               0
0025420              7522               0            7523               0
0025440              7524               0            7525               0
0025460              7526               0            7527               0
0025500              7528               0            7529               0
0025520              7530               0            7531               0
0025540              7532               0            7533               0
0025560              7534               0            7535               0
0025600              7536               0            7537               0
0025620              7538               0            7539               0
0025640              7540               0            7541               0
0025660              7542               0            7543               0
0025700              7544               0            7545               0
0025720              7546               0            7547               0
0025740              7548               0            7549               0
0025760              7550               0            7551               0
0026000              7552               0            7553               0
0026020              7554               0            7555               0
0026040              7556               0            7557               0
0026060              7558               0            7559               0
0026100              7560               0            7561               0
0026120              7562               0            7563               0
0026140              7564               0            7565               0
0026160              7566               0            7567               0
0026200              7568               0            7569               0
0026220              7570               0            7571               0
0026240              7572               0            7573               0
0026260              7574               0            7575               0
0026300              7576               0            7577               0
0026320              7578               0            7579               0
0026340              7580               0            7581               0
0026360              7582               0            7583               0
0026400              7584               0            7585               0
0026420              7586               0            7587               0
0026440              7588               0            7589               0
0026460              7590               0            7591               0
0026500              7592               0            7593               0
0026520              7594               0            7595               0
0026540              7596               0            7597               0
0026560              7598               0            7599               0
0026600              7600               0            7601               0
0026620              7602               0            7603               0
0026640              7604               0            7605               0
0026660              7606               0            7607               0
0026700              7608               0            7609               0
0026720              7610               0            7611               0
0026740              7612               0            7613               0
0026760              7614               0            7615               0
0027000              7616               0            7617               0
0027020              7618               0            7619               0
0027040              7620               0            7621               0
0027060              7622               0            7623               0
0027100              7624               0            7625               0
0027120              7626               0            7627               0
0027140              7628               0            7629               0
0027160              7630               0            7631               0
0027200              7632               0            7633               0
0027220              7634               0            7635               0
0027240              7636               0            7637               0
0027260              7638               0            7639               0
0027300              7640               0            7641               0
0027320              7642               0            7643               0
0027340              7644               0            7645               0
0027360              7646               0            7647               0
0027400              7648               0            7649               0
0027420              7650               0            7651               0
0027440              7652               0            7653               0
0027460              7654               0            7655               0
0027500              7656               0            7657               0
0027520              7658               0            7659               0
0027540              7660               0            7661               0
0027560              7662               0            7663               0
0027600              7664               0            7665               0
0027620              7666               0            7667               0
0027640              7668               0            7669               0
0027660              7670               0            7671               0
0027700              7672               0            7673               0
0027720              7674               0            7675               0
0027740              7676               0            7677               0
0027760              7678               0            7679               0
0030000              7680               0            7681               0
0030020              7682               0            7683               0
0030040              7684               0            7685               0
0030060              7686               0            7687               0
0030100              7688               0            7689               0
0030120              7690               0            7691               0
0030140              7692               0            7693               0
0030160              7694               0            7695               0
0030200              7696               0            7697               0
0030220              7698               0            7699               0
0030240              7700               0            7701               0
0030260              7702               0            7703               0
0030300              7704               0            7705               0
0030320              7706               0            7707               0
0030340              7708               0            7709               0
0030360              7710               0            7711               0
0030400              7712               0            7713               0
0030420              7714               0            7715               0
0030440              7716               0            7717               0
0030460              7718               0            7719               0
0030500              7720               0            7721               0
0030520              7722               0            7723               0
0030540              7724               0            7725               0
0030560              7726               0            7727               0
0030600              7728               0            7729               0
0030620              7730               0            7731               0
0030640              7732               0            7733               0
0030660              7734               0            7735               0
0030700              7736               0            7737               0
0030720              7738               0            7739               0
0030740              7740               0            7741               0
0030760              7742               0            7743               0
0031000              7744               0            7745               0
0031020              7746               0            7747               0
0031040              7748               0            7749               0
0031060              7750               0            7751               0
0031100              7752               0            7753               0
0031120              7754               0            7755               0
0031140              7756               0            7757               0
0031160              7758               0            7759               0
0031200              7760               0            7761               0
0031220              7762               0            7763               0
0031240              7764               0            7765               0
0031260              7766               0            7767               0
0031300              7768               0            7769               0
0031320              7770               0            7771               0
0031340              7772               0            7773               0
0031360              7774               0            7775               0
0031400              7776               0            7777               0
0031420              7778               0            7779               0
0031440              7780               0            7781               0
0031460              7782               0            7783               0
0031500              7784               0            7785               0
0031520              7786               0            7787               0
0031540              7788               0            7789               0
0031560              7790               0            7791               0
0031600              7792               0            7793               0
0031620              7794               0            7795               0
0031640              7796               0            7797               0
0031660              7798               0            7799               0
0031700              7800               0            7801               0
0031720              7802               0            7803               0
0031740              7804               0            7805               0
0031760              7806               0            7807               0
0032000              7808               0            7809               0
0032020              7810               0            7811               0
0032040              7812               0            7813               0
0032060              7814               0            7815               0
0032100              7816               0            7817               0
0032120              7818               0            7819               0
0032140              7820               0            7821               0
0032160              7822               0            7823               0
0032200              7824               0            7825               0
0032220              7826               0            7827               0
0032240              7828               0            7829               0
0032260              7830               0            7831               0
0032300              7832               0            7833               0
0032320              7834               0            7835               0
0032340              7836               0            7837               0
0032360              7838               0            7839               0
0032400              7840               0            7841               0
0032420              7842               0            7843               0
0032440              7844               0            7845               0
0032460              7846               0            7847               0
0032500              7848               0            7849               0
0032520              7850               0            7851               0
0032540              7852               0            7853               0
0032560              7854               0            7855               0
0032600              7856               0            7857               0
0032620              7858               0            7859               0
0032640              7860               0            7861               0
0032660              7862               0            7863               0
0032700              7864               0            7865               0
0032720              7866               0            7867               0
0032740              7868               0            7869               0
0032760              7870               0            7871               0
0033000              7872               0            7873               0
0033020              7874               0            7875               0
0033040              7876               0            7877               0
0033060              7878               0            7879               0
0033100              7880               0            7881               0
0033120              7882               0            7883               0
0033140              7884               0            7885               0
0033160              7886               0            7887               0
0033200              7888               0            7889               0
0033220              7890               0            7891               0
0033240              7892               0            7893               0
0033260              7894               0            7895               0
0033300              7896               0            7897               0
0033320              7898               0            7899               0
0033340              7900               0            7901               0
0033360              7902               0            7903               0
0033400              7904               0            7905               0
0033420              7906               0            7907               0
0033440              7908               0            7909               0
0033460              7910               0            7911               0
0033500              7912               0            7913               0
0033520              7914               0            7915               0
0033540              7916               0            7917               0
0033560              7918               0            7919               0
0033600              7920               0            7921               0
0033620              7922               0            7923               0
0033640              7924               0            7925               0
0033660              7926               0            7927               0
0033700              7928               0            7929               0
0033720              7930               0            7931               0
0033740              7932               0            7933               0
0033760              7934               0            7935               0
0034000              7936               0            7937               0
0034020              7938               0            7939               0
0034040              7940               0            7941               0
0034060              7942               0            7943               0
0034100              7944               0            7945               0
0034120              7946               0            7947               0
0034140              7948               0            7949               0
0034160              7950               0            7951               0
0034200              7952               0            7953               0
0034220              7954               0            7955               0
0034240              7956               0            7957               0
0034260              7958               0            7959               0
0034300              7960               0            7961               0
0034320              7962               0            7963               0
0034340              7964               0            7965               0
0034360              7966               0            7967               0
0034400              7968               0            7969               0
0034420              7970               0            7971               0
0034440              7972               0            7973               0
0034460              7974               0            7975               0
0034500              7976               0            7977               0
0034520              7978               0            7979               0
0034540              7980               0            7981               0
0034560              7982               0            7983               0
0034600              7984               0            7985               0
0034620              7986               0            7987               0
0034640              7988               0            7989               0
0034660              7990               0            7991               0
0034700              7992               0            7993               0
0034720              7994               0            7995               0
0034740              7996               0            7997               0
0034760              7998               0            7999               0
0035000              8000               0            8001               0
0035020              8002               0            8003               0
0035040              8004               0            8005               0
0035060              8006               0            8007               0
0035100              8008               0            8009               0
0035120              8010               0            8011               0
0035140              8012               0            8013               0
0035160              8014               0            8015               0
0035200              8016               0            8017               0
0035220              8018               0            8019               0
0035240              8020               0            8021               0
0035260              8022               0            8023               0
0035300              8024               0            8025               0
0035320              8026               0            8027               0
0035340              8028               0            8029               0
0035360              8030               0            8031               0
0035400              8032               0            8033               0
0035420              8034               0            8035               0
0035440              8036               0            8037               0
0035460              8038               0            8039               0
0035500              8040               0            8041               0
0035520              8042               0            8043               0
0035540              8044               0            8045               0
0035560              8046               0            8047               0
0035600              8048               0            8049               0
0035620              8050               0            8051               0
0035640              8052               0            8053               0
0035660              8054               0            8055               0
0035700              8056               0            8057               0
0035720              8058               0            8059               0
0035740              8060               0            8061               0
0035760              8062               0            8063               0
0036000              8064               0            8065               0
0036020              8066               0            8067               0
0036040              8068               0            8069               0
0036060              8070               0            8071               0
0036100              8072               0            8073               0
0036120              8074               0            8075               0
0036140              8076               0            8077               0
0036160              8078               0            8079               0
0036200              8080               0            8081               0
0036220              8082               0            8083               0
0036240              8084               0            8085               0
0036260              8086               0            8087               0
0036300              8088               0            8089               0
0036320              8090               0            8091               0
0036340              8092               0            8093               0
0036360              8094               0            8095               0
0036400              8096               0            8097               0
0036420              8098               0            8099               0
0036440              8100               0            8101               0
0036460              8102               0            8103               0
0036500              8104               0            8105               0
0036520              8106               0            8107               0
0036540              8108               0            8109               0
0036560              8110               0            8111               0
0036600              8112               0            8113               0
0036620              8114               0            8115               0
0036640              8116               0            8117               0
0036660              8118               0            8119               0
0036700              8120               0            8121               0
0036720              8122               0            8123               0
0036740              8124               0            8125               0
0036760              8126               0            8127               0
0037000              8128               0            8129               0
0037020              8130               0            8131               0
0037040              8132               0            8133               0
0037060              8134               0            8135               0
0037100              8136               0            8137               0
0037120              8138               0            8139               0
0037140              8140               0            8141               0
0037160              8142               0            8143               0
0037200              8144               0            8145               0
0037220              8146               0            8147               0
0037240              8148               0            8149               0
0037260              8150               0            8151               0
0037300              8152               0            8153               0
0037320              8154               0            8155               0
0037340              8156               0            8157               0
0037360              8158               0            8159               0
0037400              8160               0            8161               0
0037420              8162               0            8163               0
0037440              8164               0            8165               0
0037460              8166               0            8167               0
0037500              8168               0            8169               0
0037520              8170               0            8171               0
0037540              8172               0            8173               0
0037560              8174               0            8175               0
0037600              8176               0            8177               0
0037620              8178               0            8179               0
0037640              8180               0            8181               0
0037660              8182               0            8183               0
0037700              8184               0            8185               0
0037720              8186               0            8187               0
0037740              8188               0            8189               0
0037760              8190               0            8191               0
0040000
