0000000              8192               0            8193               0
0000020              8194               0            8195               0
0000040              8196               0            8197               0
0000060              8198               0            8199               0
0000100              8200               0            8201               0
0000120              8202               0            8203               0
0000140              8204               0            8205               0
0000160              8206               0            8207               0
0000200              8208               0            8209               0
0000220              8210               0            8211               0
0000240              8212               0            8213               0
0000260              8214               0            8215               0
0000300              8216               0            8217               0
0000320              8218               0            8219               0
0000340              8220               0            8221               0
0000360              8222               0            8223               0
0000400              8224               0            8225               0
0000420              8226               0            8227               0
0000440              8228               0            8229               0
0000460              8230               0            8231               0
0000500              8232               0            8233               0
0000520              8234               0            8235               0
0000540              8236               0            8237               0
0000560              8238               0            8239               0
0000600              8240               0            8241               0
0000620              8242               0            8243               0
0000640              8244               0            8245               0
0000660              8246               0            8247               0
0000700              8248               0            8249               0
0000720              8250               0            8251               0
0000740              8252               0            8253               0
0000760              8254               0            8255               0
0001000              8256               0            8257               0
0001020              8258               0            8259               0
0001040              8260               0            8261               0
0001060              8262               0            8263               0
0001100              8264               0            8265               0
0001120              8266               0            8267               0
0001140              8268               0            8269               0
0001160              8270               0            8271               0
0001200              8272               0            8273               0
0001220              8274               0            8275               0
0001240              8276               0            8277               0
0001260              8278               0            8279               0
0001300              8280               0            8281               0
0001320              8282               0            8283               0
0001340              8284               0            8285               0
0001360              8286               0            8287               0
0001400              8288               0            8289               0
0001420              8290               0            8291               0
0001440              8292               0            8293               0
0001460              8294               0            8295               0
0001500              8296               0            8297               0
0001520              8298               0            8299               0
0001540              8300               0            8301               0
0001560              8302               0            8303               0
0001600              8304               0            8305               0
0001620              8306               0            8307               0
0001640              8308               0            8309               0
0001660              8310               0            8311               0
0001700              8312               0            8313               0
0001720              8314               0            8315               0
0001740              8316               0            8317               0
0001760              8318               0            8319               0
0002000              8320               0            8321               0
0002020              8322               0            8323               0
0002040              8324               0            8325               0
0002060              8326               0            8327               0
0002100              8328               0            8329               0
0002120              8330               0            8331               0
0002140              8332               0            8333               0
0002160              8334               0            8335               0
0002200              8336               0            8337               0
0002220              8338               0            8339               0
0002240              8340               0            8341               0
0002260              8342               0            8343               0
0002300              8344               0            8345               0
0002320              8346               0            8347               0
0002340              8348               0            8349               0
0002360              8350               0            8351               0
0002400              8352               0            8353               0
0002420              8354               0            8355               0
0002440              8356               0            8357               0
0002460              8358               0            8359               0
0002500              8360               0            8361               0
0002520              8362               0            8363               0
0002540              8364               0            8365               0
0002560              8366               0            8367               0
0002600              8368               0            8369               0
0002620              8370               0            8371               0
0002640              8372               0            8373               0
0002660              8374               0            8375               0
0002700              8376               0            8377               0
0002720              8378               0            8379               0
0002740              8380               0            8381               0
0002760              8382               0            8383               0
0003000              8384               0            8385               0
0003020              8386               0            8387               0
0003040              8388               0            8389               0
0003060              8390               0            8391               0
0003100              8392               0            8393               0
0003120              8394               0            8395               0
0003140              8396               0            8397               0
0003160              8398               0            8399               0
0003200              8400               0            8401               0
0003220              8402               0            8403               0
0003240              8404               0            8405               0
0003260              8406               0            8407               0
0003300              8408               0            8409               0
0003320              8410               0            8411               0
0003340              8412               0            8413               0
0003360              8414               0            8415               0
0003400              8416               0            8417               0
0003420              8418               0            8419               0
0003440              8420               0            8421               0
0003460              8422               0            8423               0
0003500              8424               0            8425               0
0003520              8426               0            8427               0
0003540              8428               0            8429               0
0003560              8430               0            8431               0
0003600              8432               0            8433               0
0003620              8434               0            8435               0
0003640              8436               0            8437               0
0003660              8438               0            8439               0
0003700              8440               0            8441               0
0003720              8442               0            8443               0
0003740              8444               0            8445               0
0003760              8446               0            8447               0
0004000              8448               0            8449               0
0004020              8450               0            8451               0
0004040              8452               0            8453               0
0004060              8454               0            8455               0
0004100              8456               0            8457               0
0004120              8458               0            8459               0
0004140              8460               0            8461               0
0004160              8462               0            8463               0
0004200              8464               0            8465               0
0004220              8466               0            8467               0
0004240              8468               0            8469               0
0004260              8470               0            8471               0
0004300              8472               0            8473               0
0004320              8474               0            8475               0
0004340              8476               0            8477               0
0004360              8478               0            8479               0
0004400              8480               0            8481               0
0004420              8482               0            8483               0
0004440              8484               0            8485               0
0004460              8486               0            8487               0
0004500              8488               0            8489               0
0004520              8490               0            8491               0
0004540              8492               0            8493               0
0004560              8494               0            8495               0
0004600              8496               0            8497               0
0004620              8498               0            8499               0
0004640              8500               0            8501               0
0004660              8502               0            8503               0
0004700              8504               0            8505               0
0004720              8506               0            8507               0
0004740              8508               0            8509               0
0004760              8510               0            8511               0
0005000              8512               0            8513               0
0005020              8514               0            8515               0
0005040              8516               0            8517               0
0005060              8518               0            8519               0
0005100              8520               0            8521               0
0005120              8522               0            8523               0
0005140              8524               0            8525               0
0005160              8526               0            8527               0
0005200              8528               0            8529               0
0005220              8530               0            8531               0
0005240              8532               0            8533               0
0005260              8534               0            8535               0
0005300              8536               0            8537               0
0005320              8538               0            8539               0
0005340              8540               0            8541               0
0005360              8542               0            8543               0
0005400              8544               0            8545               0
0005420              8546               0            8547               0
0005440              8548               0            8549               0
0005460              8550               0            8551               0
0005500              8552               0            8553               0
0005520              8554               0            8555               0
0005540              8556               0            8557               0
0005560              8558               0            8559               0
0005600              8560               0            8561               0
0005620              8562               0            8563               0
0005640              8564               0            8565               0
0005660              8566               0            8567               0
0005700              8568               0            8569               0
0005720              8570               0            8571               0
0005740              8572               0            8573               0
0005760              8574               0            8575               0
0006000              8576               0            8577               0
0006020              8578               0            8579               0
0006040              8580               0            8581               0
0006060              8582               0            8583               0
0006100              8584               0            8585               0
0006120              8586               0            8587               0
0006140              8588               0            8589               0
0006160              8590               0            8591               0
0006200              8592               0            8593               0
0006220              8594               0            8595               0
0006240              8596               0            8597               0
0006260              8598               0            8599               0
0006300              8600               0            8601               0
0006320              8602               0            8603               0
0006340              8604               0            8605               0
0006360              8606               0            8607               0
0006400              8608               0            8609               0
0006420              8610               0            8611               0
0006440              8612               0            8613               0
0006460              8614               0            8615               0
0006500              8616               0            8617               0
0006520              8618               0            8619               0
0006540              8620               0            8621               0
0006560              8622               0            8623               0
0006600              8624               0            8625               0
0006620              8626               0            8627               0
0006640              8628               0            8629               0
0006660              8630               0            8631               0
0006700              8632               0            8633               0
0006720              8634               0            8635               0
0006740              8636               0            8637               0
0006760              8638               0            8639               0
0007000              8640               0            8641               0
0007020              8642               0            8643               0
0007040              8644               0            8645               0
0007060              8646               0            8647               0
0007100              8648               0            8649               0
0007120              8650               0            8651               0
0007140              8652               0            8653               0
0007160              8654               0            8655               0
0007200              8656               0            8657               0
0007220              8658               0            8659               0
0007240              8660               0            8661               0
0007260              8662               0            8663               0
0007300              8664               0            8665               0
0007320              8666               0            8667               0
0007340              8668               0            8669               0
0007360              8670               0            8671               0
0007400              8672               0            8673               0
0007420              8674               0            8675               0
0007440              8676               0            8677               0
0007460              8678               0            8679               0
0007500              8680               0            8681               0
0007520              8682               0            8683               0
0007540              8684               0            8685               0
0007560              8686               0            8687               0
0007600              8688               0            8689               0
0007620              8690               0            8691               0
0007640              8692               0            8693               0
0007660              8694               0            8695               0
0007700              8696               0            8697               0
0007720              8698               0            8699               0
0007740              8700               0            8701               0
0007760              8702               0            8703               0
0010000              8704               0            8705               0
0010020              8706               0            8707               0
0010040              8708               0            8709               0
0010060              8710               0            8711               0
0010100              8712               0            8713               0
0010120              8714               0            8715               0
0010140              8716               0            8717               0
0010160              8718               0            8719               0
0010200              8720               0            8721               0
0010220              8722               0            8723               0
0010240              8724               0            8725               0
0010260              8726               0            8727               0
0010300              8728               0            8729               0
0010320              8730               0            8731               0
0010340              8732               0            8733               0
0010360              8734               0            8735               0
0010400              8736               0            8737               0
0010420              8738               0            8739               0
0010440              8740               0            8741               0
0010460              8742               0            8743               0
0010500              8744               0            8745               0
0010520              8746               0            8747               0
0010540              8748               0            8749               0
0010560              8750               0            8751               0
0010600              8752               0            8753               0
0010620              8754               0            8755               0
0010640              8756               0            8757               0
0010660              8758               0            8759               0
0010700              8760               0            8761               0
0010720              8762               0            8763               0
0010740              8764               0            8765               0
0010760              8766               0            8767               0
0011000              8768               0            8769               0
0011020              8770               0            8771               0
0011040              8772               0            8773               0
0011060              8774               0            8775               0
0011100              8776               0            8777               0
0011120              8778               0            8779               0
0011140              8780               0            8781               0
0011160              8782               0            8783               0
0011200              8784               0            8785               0
0011220              8786               0            8787               0
0011240              8788               0            8789               0
0011260              8790               0            8791               0
0011300              8792               0            8793               0
0011320              8794               0            8795               0
0011340              8796               0            8797               0
0011360              8798               0            8799               0
0011400              8800               0            8801               0
0011420              8802               0            8803               0
0011440              8804               0            8805               0
0011460              8806               0            8807               0
0011500              8808               0            8809               0
0011520              8810               0            8811               0
0011540              8812               0            8813               0
0011560              8814               0            8815               0
0011600              8816               0            8817               0
0011620              8818               0            8819               0
0011640              8820               0            8821               0
0011660              8822               0            8823               0
0011700              8824               0            8825               0
0011720              8826               0            8827               0
0011740              8828               0            8829               0
0011760              8830               0            8831               0
0012000              8832               0            8833               0
0012020              8834               0            8835               0
0012040              8836               0            8837               0
0012060              8838               0            8839               0
0012100              8840               0            8841               0
0012120              8842               0            8843               0
0012140              8844               0            8845               0
0012160              8846               0            8847               0
0012200              8848               0            8849               0
0012220              8850               0            8851               0
0012240              8852               0            8853               0
0012260              8854               0            8855               0
0012300              8856               0            8857               0
0012320              8858               0            8859               0
0012340              8860               0            8861               0
0012360              8862               0            8863               0
0012400              8864               0            8865               0
0012420              8866               0            8867               0
0012440              8868               0            8869               0
0012460              8870               0            8871               0
0012500              8872               0            8873               0
0012520              8874               0            8875               0
0012540              8876               0            8877               0
0012560              8878               0            8879               0
0012600              8880               0            8881               0
0012620              8882               0            8883               0
0012640              8884               0            8885               0
0012660              8886               0            8887               0
0012700              8888               0            8889               0
0012720              8890               0            8891               0
0012740              8892               0            8893               0
0012760              8894               0            8895               0
0013000              8896               0            8897               0
0013020              8898               0            8899               0
0013040              8900               0            8901               0
0013060              8902               0            8903               0
0013100              8904               0            8905               0
0013120              8906               0            8907               0
0013140              8908               0            8909               0
0013160              8910               0            8911               0
0013200              8912               0            8913               0
0013220              8914               0            8915               0
0013240              8916               0            8917               0
0013260              8918               0            8919               0
0013300              8920               0            8921               0
0013320              8922               0            8923               0
0013340              8924               0            8925               0
0013360              8926               0            8927               0
0013400              8928               0            8929               0
0013420              8930               0            8931               0
0013440              8932               0            8933               0
0013460              8934               0            8935               0
0013500              8936               0            8937               0
0013520              8938               0            8939               0
0013540              8940               0            8941               0
0013560              8942               0            8943               0
0013600              8944               0            8945               0
0013620              8946               0            8947               0
0013640              8948               0            8949               0
0013660              8950               0            8951               0
0013700              8952               0            8953               0
0013720              8954               0            8955               0
0013740              8956               0            8957               0
0013760              8958               0            8959               0
0014000              8960               0            8961               0
0014020              8962               0            8963               0
0014040              8964               0            8965               0
0014060              8966               0            8967               0
0014100              8968               0            8969               0
0014120              8970               0            8971               0
0014140              8972               0            8973               0
0014160              8974               0            8975               0
0014200              8976               0            8977               0
0014220              8978               0            8979               0
0014240              8980               0            8981               0
0014260              8982               0            8983               0
0014300              8984               0            8985               0
0014320              8986               0            8987               0
0014340              8988               0            8989               0
0014360              8990               0            8991               0
0014400              8992               0            8993               0
0014420              8994               0            8995               0
0014440              8996               0            8997               0
0014460              8998               0            8999               0
0014500              9000               0            9001               0
0014520              9002               0            9003               0
0014540              9004               0            9005               0
0014560              9006               0            9007               0
0014600              9008               0            9009               0
0014620              9010               0            9011               0
0014640              9012               0            9013               0
0014660              9014               0            9015               0
0014700              9016               0            9017               0
0014720              9018               0            9019               0
0014740              9020               0            9021               0
0014760              9022               0            9023               0
0015000              9024               0            9025               0
0015020              9026               0            9027               0
0015040              9028               0            9029               0
0015060              9030               0            9031               0
0015100              9032               0            9033               0
0015120              9034               0            9035               0
0015140              9036               0            9037               0
0015160              9038               0            9039               0
0015200              9040               0            9041               0
0015220              9042               0            9043               0
0015240              9044               0            9045               0
0015260              9046               0            9047               0
0015300              9048               0            9049               0
0015320              9050               0            9051               0
0015340              9052               0            9053               0
0015360              9054               0            9055               0
0015400              9056               0            9057               0
0015420              9058               0            9059               0
0015440              9060               0            9061               0
0015460              9062               0            9063               0
0015500              9064               0            9065               0
0015520              9066               0            9067               0
0015540              9068               0            9069               0
0015560              9070               0            9071               0
0015600              9072               0            9073               0
0015620              9074               0            9075               0
0015640              9076               0            9077               0
0015660              9078               0            9079               0
0015700              9080               0            9081               0
0015720              9082               0            9083               0
0015740              9084               0            9085               0
0015760              9086               0            9087               0
0016000              9088               0            9089               0
0016020              9090               0            9091               0
0016040              9092               0            9093               0
0016060              9094               0            9095               0
0016100              9096               0            9097               0
0016120              9098               0            9099               0
0016140              9100               0            9101               0
0016160              9102               0            9103               0
0016200              9104               0            9105               0
0016220              9106               0            9107               0
0016240              9108               0            9109               0
0016260              9110               0            9111               0
0016300              9112               0            9113               0
0016320              9114               0            9115               0
0016340              9116               0            9117               0
0016360              9118               0            9119               0
0016400              9120               0            9121               0
0016420              9122               0            9123               0
0016440              9124               0            9125               0
0016460              9126               0            9127               0
0016500              9128               0            9129               0
0016520              9130               0            9131               0
0016540              9132               0            9133               0
0016560              9134               0            9135               0
0016600              9136               0            9137               0
0016620              9138               0            9139               0
0016640              9140               0            9141               0
0016660              9142               0            9143               0
0016700              9144               0            9145               0
0016720              9146               0            9147               0
0016740              9148               0            9149               0
0016760              9150               0            9151               0
0017000              9152               0            9153               0
0017020              9154               0            9155               0
0017040              9156               0            9157               0
0017060              9158               0            9159               0
0017100              9160               0            9161               0
0017120              9162               0            9163               0
0017140              9164               0            9165               0
0017160              9166               0            9167               0
0017200              9168               0            9169               0
0017220              9170               0            9171               0
0017240              9172               0            9173               0
0017260              9174               0            9175               0
0017300              9176               0            9177               0
0017320              9178               0            9179               0
0017340              9180               0            9181               0
0017360              9182               0            9183               0
0017400              9184               0            9185               0
0017420              9186               0            9187               0
0017440              9188               0            9189               0
0017460              9190               0            9191               0
0017500              9192               0            9193               0
0017520              9194               0            9195               0
0017540              9196               0            9197               0
0017560              9198               0            9199               0
0017600              9200               0            9201               0
0017620              9202               0            9203               0
0017640              9204               0            9205               0
0017660              9206               0            9207               0
0017700              9208               0            9209               0
0017720              9210               0            9211               0
0017740              9212               0            9213               0
0017760              9214               0            9215               0
0020000              9216               0            9217               0
0020020              9218               0            9219               0
0020040              9220               0            9221               0
0020060              9222               0            9223               0
0020100              9224               0            9225               0
0020120              9226               0            9227               0
0020140              9228               0            9229               0
0020160              9230               0            9231               0
0020200              9232               0            9233               0
0020220              9234               0            9235               0
0020240              9236               0            9237               0
0020260              9238               0            9239               0
0020300              9240               0            9241               0
0020320              9242               0            9243               0
0020340              9244               0            9245               0
0020360              9246               0            9247               0
0020400              9248               0            9249               0
0020420              9250               0            9251               0
0020440              9252               0            9253               0
0020460              9254               0            9255               0
0020500              9256               0            9257               0
0020520              9258               0            9259               0
0020540              9260               0            9261               0
0020560              9262               0            9263               0
0020600              9264               0            9265               0
0020620              9266               0            9267               0
0020640              9268               0            9269               0
0020660              9270               0            9271               0
0020700              9272               0            9273               0
0020720              9274               0            9275               0
0020740              9276               0            9277               0
0020760              9278               0            9279               0
0021000              9280               0            9281               0
0021020              9282               0            9283               0
0021040              9284               0            9285               0
0021060              9286               0            9287               0
0021100              9288               0            9289               0
0021120              9290               0            9291               0
0021140              9292               0            9293               0
0021160              9294               0            9295               0
0021200              9296               0            9297               0
0021220              9298               0            9299               0
0021240              9300               0            9301               0
0021260              9302               0            9303               0
0021300              9304               0            9305               0
0021320              9306               0            9307               0
0021340              9308               0            9309               0
0021360              9310               0            9311               0
0021400              9312               0            9313               0
0021420              9314               0            9315               0
0021440              9316               0            9317               0
0021460              9318               0            9319               0
0021500              9320               0            9321               0
0021520              9322               0            9323               0
0021540              9324               0            9325               0
0021560              9326               0            9327               0
0021600              9328               0            9329               0
0021620              9330               0            9331               0
0021640              9332               0            9333               0
0021660              9334               0            9335               0
0021700              9336               0            9337               0
0021720              9338               0            9339               0
0021740              9340               0            9341               0
0021760              9342               0            9343               0
0022000              9344               0            9345               0
0022020              9346               0            9347               0
0022040              9348               0            9349               0
0022060              9350               0            9351               0
0022100              9352               0            9353               0
0022120              9354               0            9355               0
0022140              9356               0            9357               0
0022160              9358               0            9359               0
0022200              9360               0            9361               0
0022220              9362               0            9363               0
0022240              9364               0            9365               0
0022260              9366               0            9367               0
0022300              9368               0            9369               0
0022320              9370               0            9371               0
0022340              9372               0            9373               0
0022360              9374               0            9375               0
0022400              9376               0            9377               0
0022420              9378               0            9379               0
0022440              9380               0            9381               0
0022460              9382               0            9383               0
0022500              9384               0            9385               0
0022520              9386               0            9387               0
0022540              9388               0            9389               0
0022560              9390               0            9391               0
0022600              9392               0            9393               0
0022620              9394               0            9395               0
0022640              9396               0            9397               0
0022660              9398               0            9399               0
0022700              9400               0            9401               0
0022720              9402               0            9403               0
0022740              9404               0            9405               0
0022760              9406               0            9407               0
0023000              9408               0            9409               0
0023020              9410               0            9411               0
0023040              9412               0            9413               0
0023060              9414               0            9415               0
0023100              9416               0            9417               0
0023120              9418               0            9419               0
0023140              9420               0            9421               0
0023160              9422               0            9423               0
0023200              9424               0            9425               0
0023220              9426               0            9427               0
0023240              9428               0            9429               0
0023260              9430               0            9431               0
0023300              9432               0            9433               0
0023320              9434               0            9435               0
0023340              9436               0            9437               0
0023360              9438               0            9439               0
0023400              9440               0            9441               0
0023420              9442               0            9443               0
0023440              9444               0            9445               0
0023460              9446               0            9447               0
0023500              9448               0            9449               0
0023520              9450               0            9451               0
0023540              9452               0            9453               0
0023560              9454               0            9455               0
0023600              9456               0            9457               0
0023620              9458               0            9459               0
0023640              9460               0            9461               0
0023660              9462               0            9463               0
0023700              9464               0            9465               0
0023720              9466               0            9467               0
0023740              9468               0            9469               0
0023760              9470               0            9471               0
0024000              9472               0            9473               0
0024020              9474               0            9475               0
0024040              9476               0            9477               0
0024060              9478               0            9479               0
0024100              9480               0            9481               0
0024120              9482               0            9483               0
0024140              9484               0            9485               0
0024160              9486               0            9487               0
0024200              9488               0            9489               0
0024220              9490               0            9491               0
0024240              9492               0            9493               0
0024260              9494               0            9495               0
0024300              9496               0            9497               0
0024320              9498               0            9499               0
0024340              9500               0            9501               0
0024360              9502               0            9503               0
0024400              9504               0            9505               0
0024420              9506               0            9507               0
0024440              9508               0            9509               0
0024460              9510               0            9511               0
0024500              9512               0            9513               0
0024520              9514               0            9515               0
0024540              9516               0            9517               0
0024560              9518               0            9519               0
0024600              9520               0            9521               0
0024620              9522               0            9523               0
0024640              9524               0            9525               0
0024660              9526               0            9527               0
0024700              9528               0            9529               0
0024720              9530               0            9531               0
0024740              9532               0            9533               0
0024760              9534               0            9535               0
0025000              9536               0            9537               0
0025020              9538               0            9539               0
0025040              9540               0            9541               0
0025060              9542               0            9543               0
0025100              9544               0            9545               0
0025120              9546               0            9547               0
0025140              9548               0            9549               0
0025160              9550               0            9551               0
0025200              9552               0            9553               0
0025220              9554               0            9555               0
0025240              9556               0            9557               0
0025260              9558               0            9559               0
0025300              9560               0            9561               0
0025320              9562               0            9563               0
0025340              9564               0            9565               0
0025360              9566               0            9567               0
0025400              9568               0            9569               0
0025420              9570               0            9571               0
0025440              9572               0            9573               0
0025460              9574               0            9575               0
0025500              9576               0            9577               0
0025520              9578               0            9579               0
0025540              9580               0            9581               0
0025560              9582               0            9583               0
0025600              9584               0            9585               0
0025620              9586               0            9587               0
0025640              9588               0            9589               0
0025660              9590               0            9591               0
0025700              9592               0            9593               0
0025720              9594               0            9595               0
0025740              9596               0            9597               0
0025760              9598               0            9599               0
0026000              9600               0            9601               0
0026020              9602               0            9603               0
0026040              9604               0            9605               0
0026060              9606               0            9607               0
0026100              9608               0            9609               0
0026120              9610               0            9611               0
0026140              9612               0            9613               0
0026160              9614               0            9615               0
0026200              9616               0            9617               0
0026220              9618               0            9619               0
0026240              9620               0            9621               0
0026260              9622               0            9623               0
0026300              9624               0            9625               0
0026320              9626               0            9627               0
0026340              9628               0            9629               0
0026360              9630               0            9631               0
0026400              9632               0            9633               0
0026420              9634               0            9635               0
0026440              9636               0            9637               0
0026460              9638               0            9639               0
0026500              9640               0            9641               0
0026520              9642               0            9643               0
0026540              9644               0            9645               0
0026560              9646               0            9647               0
0026600              9648               0            9649               0
0026620              9650               0            9651               0
0026640              9652               0            9653               0
0026660              9654               0            9655               0
0026700              9656               0            9657               0
0026720              9658               0            9659               0
0026740              9660               0            9661               0
0026760              9662               0            9663               0
0027000              9664               0            9665               0
0027020              9666               0            9667               0
0027040              9668               0            9669               0
0027060              9670               0            9671               0
0027100              9672               0            9673               0
0027120              9674               0            9675               0
0027140              9676               0            9677               0
0027160              9678               0            9679               0
0027200              9680               0            9681               0
0027220              9682               0            9683               0
0027240              9684               0            9685               0
0027260              9686               0            9687               0
0027300              9688               0            9689               0
0027320              9690               0            9691               0
0027340              9692               0            9693               0
0027360              9694               0            9695               0
0027400              9696               0            9697               0
0027420              9698               0            9699               0
0027440              9700               0            9701               0
0027460              9702               0            9703               0
0027500              9704               0            9705               0
0027520              9706               0            9707               0
0027540              9708               0            9709               0
0027560              9710               0            9711               0
0027600              9712               0            9713               0
0027620              9714               0            9715               0
0027640              9716               0            9717               0
0027660              9718               0            9719               0
0027700              9720               0            9721               0
0027720              9722               0            9723               0
0027740              9724               0            9725               0
0027760              9726               0            9727               0
0030000              9728               0            9729               0
0030020              9730               0            9731               0
0030040              9732               0            9733               0
0030060              9734               0            9735               0
0030100              9736               0            9737               0
0030120              9738               0            9739               0
0030140              9740               0            9741               0
0030160              9742               0            9743               0
0030200              9744               0            9745               0
0030220              9746               0            9747               0
0030240              9748               0            9749               0
0030260              9750               0            9751               0
0030300              9752               0            9753               0
0030320              9754               0            9755               0
0030340              9756               0            9757               0
0030360              9758               0            9759               0
0030400              9760               0            9761               0
0030420              9762               0            9763               0
0030440              9764               0            9765               0
0030460              9766               0            9767               0
0030500              9768               0            9769               0
0030520              9770               0            9771               0
0030540              9772               0            9773               0
0030560              9774               0            9775               0
0030600              9776               0            9777               0
0030620              9778               0            9779               0
0030640              9780               0            9781               0
0030660              9782               0            9783               0
0030700              9784               0            9785               0
0030720              9786               0            9787               0
0030740              9788               0            9789               0
0030760              9790               0            9791               0
0031000              9792               0            9793               0
0031020              9794               0            9795               0
0031040              9796               0            9797               0
0031060              9798               0            9799               0
0031100              9800               0            9801               0
0031120              9802               0            9803               0
0031140              9804               0            9805               0
0031160              9806               0            9807               0
0031200              9808               0            9809               0
0031220              9810               0            9811               0
0031240              9812               0            9813               0
0031260              9814               0            9815               0
0031300              9816               0            9817               0
0031320              9818               0            9819               0
0031340              9820               0            9821               0
0031360              9822               0            9823               0
0031400              9824               0            9825               0
0031420              9826               0            9827               0
0031440              9828               0            9829               0
0031460              9830               0            9831               0
0031500              9832               0            9833               0
0031520              9834               0            9835               0
0031540              9836               0            9837               0
0031560              9838               0            9839               0
0031600              9840               0            9841               0
0031620              9842               0            9843               0
0031640              9844               0            9845               0
0031660              9846               0            9847               0
0031700              9848               0            9849               0
0031720              9850               0            9851               0
0031740              9852               0            9853               0
0031760              9854               0            9855               0
0032000              9856               0            9857               0
0032020              9858               0            9859               0
0032040              9860               0            9861               0
0032060              9862               0            9863               0
0032100              9864               0            9865               0
0032120              9866               0            9867               0
0032140              9868               0            9869               0
0032160              9870               0            9871               0
0032200              9872               0            9873               0
0032220              9874               0            9875               0
0032240              9876               0            9877               0
0032260              9878               0            9879               0
0032300              9880               0            9881               0
0032320              9882               0            9883               0
0032340              9884               0            9885               0
0032360              9886               0            9887               0
0032400              9888               0            9889               0
0032420              9890               0            9891               0
0032440              9892               0            9893               0
0032460              9894               0            9895               0
0032500              9896               0            9897               0
0032520              9898               0            9899               0
0032540              9900               0            9901               0
0032560              9902               0            9903               0
0032600              9904               0            9905               0
0032620              9906               0            9907               0
0032640              9908               0            9909               0
0032660              9910               0            9911               0
0032700              9912               0            9913               0
0032720              9914               0            9915               0
0032740              9916               0            9917               0
0032760              9918               0            9919               0
0033000              9920               0            9921               0
0033020              9922               0            9923               0
0033040              9924               0            9925               0
0033060              9926               0            9927               0
0033100              9928               0            9929               0
0033120              9930               0            9931               0
0033140              9932               0            9933               0
0033160              9934               0            9935               0
0033200              9936               0            9937               0
0033220              9938               0            9939               0
0033240              9940               0            9941               0
0033260              9942               0            9943               0
0033300              9944               0            9945               0
0033320              9946               0            9947               0
0033340              9948               0            9949               0
0033360              9950               0            9951               0
0033400              9952               0            9953               0
0033420              9954               0            9955               0
0033440              9956               0            9957               0
0033460              9958               0            9959               0
0033500              9960               0            9961               0
0033520              9962               0            9963               0
0033540              9964               0            9965               0
0033560              9966               0            9967               0
0033600              9968               0            9969               0
0033620              9970               0            9971               0
0033640              9972               0            9973               0
0033660              9974               0            9975               0
0033700              9976               0            9977               0
0033720              9978               0            9979               0
0033740              9980               0            9981               0
0033760              9982               0            9983               0
0034000              9984               0            9985               0
0034020              9986               0            9987               0
0034040              9988               0            9989               0
0034060              9990               0            9991               0
0034100              9992               0            9993               0
0034120              9994               0            9995               0
0034140              9996               0            9997               0
0034160              9998               0            9999               0
0034200             10000               0           10001               0
0034220             10002               0           10003               0
0034240             10004               0           10005               0
0034260             10006               0           10007               0
0034300             10008               0           10009               0
0034320             10010               0           10011               0
0034340             10012               0           10013               0
0034360             10014               0           10015               0
0034400             10016               0           10017               0
0034420             10018               0           10019               0
0034440             10020               0           10021               0
0034460             10022               0           10023               0
0034500             10024               0           10025               0
0034520             10026               0           10027               0
0034540             10028               0           10029               0
0034560             10030               0           10031               0
0034600             10032               0           10033               0
0034620             10034               0           10035               0
0034640             10036               0           10037               0
0034660             10038               0           10039               0
0034700             10040               0           10041               0
0034720             10042               0           10043               0
0034740             10044               0           10045               0
0034760             10046               0           10047               0
0035000             10048               0           10049               0
0035020             10050               0           10051               0
0035040             10052               0           10053               0
0035060             10054               0           10055               0
0035100             10056               0           10057               0
0035120             10058               0           10059               0
0035140             10060               0           10061               0
0035160             10062               0           10063               0
0035200             10064               0           10065               0
0035220             10066               0           10067               0
0035240             10068               0           10069               0
0035260             10070               0           10071               0
0035300             10072               0           10073               0
0035320             10074               0           10075               0
0035340             10076               0           10077               0
0035360             10078               0           10079               0
0035400             10080               0           10081               0
0035420             10082               0           10083               0
0035440             10084               0           10085               0
0035460             10086               0           10087               0
0035500             10088               0           10089               0
0035520             10090               0           10091               0
0035540             10092               0           10093               0
0035560             10094               0           10095               0
0035600             10096               0           10097               0
0035620             10098               0           10099               0
0035640             10100               0           10101               0
0035660             10102               0           10103               0
0035700             10104               0           10105               0
0035720             10106               0           10107               0
0035740             10108               0           10109               0
0035760             10110               0           10111               0
0036000             10112               0           10113               0
0036020             10114               0           10115               0
0036040             10116               0           10117               0
0036060             10118               0           10119               0
0036100             10120               0           10121               0
0036120             10122               0           10123               0
0036140             10124               0           10125               0
0036160             10126               0           10127               0
0036200             10128               0           10129               0
0036220             10130               0           10131               0
0036240             10132               0           10133               0
0036260             10134               0           10135               0
0036300             10136               0           10137               0
0036320             10138               0           10139               0
0036340             10140               0           10141               0
0036360             10142               0           10143               0
0036400             10144               0           10145               0
0036420             10146               0           10147               0
0036440             10148               0           10149               0
0036460             10150               0           10151               0
0036500             10152               0           10153               0
0036520             10154               0           10155               0
0036540             10156               0           10157               0
0036560             10158               0           10159               0
0036600             10160               0           10161               0
0036620             10162               0           10163               0
0036640             10164               0           10165               0
0036660             10166               0           10167               0
0036700             10168               0           10169               0
0036720             10170               0           10171               0
0036740             10172               0           10173               0
0036760             10174               0           10175               0
0037000             10176               0           10177               0
0037020             10178               0           10179               0
0037040             10180               0           10181               0
0037060             10182               0           10183               0
0037100             10184               0           10185               0
0037120             10186               0           10187               0
0037140             10188               0           10189               0
0037160             10190               0           10191               0
0037200             10192               0           10193               0
0037220             10194               0           10195               0
0037240             10196               0           10197               0
0037260             10198               0           10199               0
0037300             10200               0           10201               0
0037320             10202               0           10203               0
0037340             10204               0           10205               0
0037360             10206               0           10207               0
0037400             10208               0           10209               0
0037420             10210               0           10211               0
0037440             10212               0           10213               0
0037460             10214               0           10215               0
0037500             10216               0           10217               0
0037520             10218               0           10219               0
0037540             10220               0           10221               0
0037560             10222               0           10223               0
0037600             10224               0           10225               0
0037620             10226               0           10227               0
0037640             10228               0           10229               0
0037660             10230               0           10231               0
0037700             10232               0           10233               0
0037720             10234               0           10235               0
0037740             10236               0           10237               0
0037760             10238               0           10239               0
0040000
