0000000             10240               0           10241               0
0000020             10242               0           10243               0
0000040             10244               0           10245               0
0000060             10246               0           10247               0
0000100             10248               0           10249               0
0000120             10250               0           10251               0
0000140             10252               0           10253               0
0000160             10254               0           10255               0
0000200             10256               0           10257               0
0000220             10258               0           10259               0
0000240             10260               0           10261               0
0000260             10262               0           10263               0
0000300             10264               0           10265               0
0000320             10266               0           10267               0
0000340             10268               0           10269               0
0000360             10270               0           10271               0
0000400             10272               0           10273               0
0000420             10274               0           10275               0
0000440             10276               0           10277               0
0000460             10278               0           10279               0
0000500             10280               0           10281               0
0000520             10282               0           10283               0
0000540             10284               0           10285               0
0000560             10286               0           10287               0
0000600             10288               0           10289               0
0000620             10290               0           10291               0
0000640             10292               0           10293               0
0000660             10294               0           10295               0
0000700             10296               0           10297               0
0000720             10298               0           10299               0
0000740             10300               0           10301               0
0000760             10302               0           10303               0
0001000             10304               0           10305               0
0001020             10306               0           10307               0
0001040             10308               0           10309               0
0001060             10310               0           10311               0
0001100             10312               0           10313               0
0001120             10314               0           10315               0
0001140             10316               0           10317               0
0001160             10318               0           10319               0
0001200             10320               0           10321               0
0001220             10322               0           10323               0
0001240             10324               0           10325               0
0001260             10326               0           10327               0
0001300             10328               0           10329               0
0001320             10330               0           10331               0
0001340             10332               0           10333               0
0001360             10334               0           10335               0
0001400             10336               0           10337               0
0001420             10338               0           10339               0
0001440             10340               0           10341               0
0001460             10342               0           10343               0
0001500             10344               0           10345               0
0001520             10346               0           10347               0
0001540             10348               0           10349               0
0001560             10350               0           10351               0
0001600             10352               0           10353               0
0001620             10354               0           10355               0
0001640             10356               0           10357               0
0001660             10358               0           10359               0
0001700             10360               0           10361               0
0001720             10362               0           10363               0
0001740             10364               0           10365               0
0001760             10366               0           10367               0
0002000             10368               0           10369               0
0002020             10370               0           10371               0
0002040             10372               0           10373               0
0002060             10374               0           10375               0
0002100             10376               0           10377               0
0002120             10378               0           10379               0
0002140             10380               0           10381               0
0002160             10382               0           10383               0
0002200             10384               0           10385               0
0002220             10386               0           10387               0
0002240             10388               0           10389               0
0002260             10390               0           10391               0
0002300             10392               0           10393               0
0002320             10394               0           10395               0
0002340             10396               0           10397               0
0002360             10398               0           10399               0
0002400             10400               0           10401               0
0002420             10402               0           10403               0
0002440             10404               0           10405               0
0002460             10406               0           10407               0
0002500             10408               0           10409               0
0002520             10410               0           10411               0
0002540             10412               0           10413               0
0002560             10414               0           10415               0
0002600             10416               0           10417               0
0002620             10418               0           10419               0
0002640             10420               0           10421               0
0002660             10422               0           10423               0
0002700             10424               0           10425               0
0002720             10426               0           10427               0
0002740             10428               0           10429               0
0002760             10430               0           10431               0
0003000             10432               0           10433               0
0003020             10434               0           10435               0
0003040             10436               0           10437               0
0003060             10438               0           10439               0
0003100             10440               0           10441               0
0003120             10442               0           10443               0
0003140             10444               0           10445               0
0003160             10446               0           10447               0
0003200             10448               0           10449               0
0003220             10450               0           10451               0
0003240             10452               0           10453               0
0003260             10454               0           10455               0
0003300             10456               0           10457               0
0003320             10458               0           10459               0
0003340             10460               0           10461               0
0003360             10462               0           10463               0
0003400             10464               0           10465               0
0003420             10466               0           10467               0
0003440             10468               0           10469               0
0003460             10470               0           10471               0
0003500             10472               0           10473               0
0003520             10474               0           10475               0
0003540             10476               0           10477               0
0003560             10478               0           10479               0
0003600             10480               0           10481               0
0003620             10482               0           10483               0
0003640             10484               0           10485               0
0003660             10486               0           10487               0
0003700             10488               0           10489               0
0003720             10490               0           10491               0
0003740             10492               0           10493               0
0003760             10494               0           10495               0
0004000             10496               0           10497               0
0004020             10498               0           10499               0
0004040             10500               0           10501               0
0004060             10502               0           10503               0
0004100             10504               0           10505               0
0004120             10506               0           10507               0
0004140             10508               0           10509               0
0004160             10510               0           10511               0
0004200             10512               0           10513               0
0004220             10514               0           10515               0
0004240             10516               0           10517               0
0004260             10518               0           10519               0
0004300             10520               0           10521               0
0004320             10522               0           10523               0
0004340             10524               0           10525               0
0004360             10526               0           10527               0
0004400             10528               0           10529               0
0004420             10530               0           10531               0
0004440             10532               0           10533               0
0004460             10534               0           10535               0
0004500             10536               0           10537               0
0004520             10538               0           10539               0
0004540             10540               0           10541               0
0004560             10542               0           10543               0
0004600             10544               0           10545               0
0004620             10546               0           10547               0
0004640             10548               0           10549               0
0004660             10550               0           10551               0
0004700             10552               0           10553               0
0004720             10554               0           10555               0
0004740             10556               0           10557               0
0004760             10558               0           10559               0
0005000             10560               0           10561               0
0005020             10562               0           10563               0
0005040             10564               0           10565               0
0005060             10566               0           10567               0
0005100             10568               0           10569               0
0005120             10570               0           10571               0
0005140             10572               0           10573               0
0005160             10574               0           10575               0
0005200             10576               0           10577               0
0005220             10578               0           10579               0
0005240             10580               0           10581               0
0005260             10582               0           10583               0
0005300             10584               0           10585               0
0005320             10586               0           10587               0
0005340             10588               0           10589               0
0005360             10590               0           10591               0
0005400             10592               0           10593               0
0005420             10594               0           10595               0
0005440             10596               0           10597               0
0005460             10598               0           10599               0
0005500             10600               0           10601               0
0005520             10602               0           10603               0
0005540             10604               0           10605               0
0005560             10606               0           10607               0
0005600             10608               0           10609               0
0005620             10610               0           10611               0
0005640             10612               0           10613               0
0005660             10614               0           10615               0
0005700             10616               0           10617               0
0005720             10618               0           10619               0
0005740             10620               0           10621               0
0005760             10622               0           10623               0
0006000             10624               0           10625               0
0006020             10626               0           10627               0
0006040             10628               0           10629               0
0006060             10630               0           10631               0
0006100             10632               0           10633               0
0006120             10634               0           10635               0
0006140             10636               0           10637               0
0006160             10638               0           10639               0
0006200             10640               0           10641               0
0006220             10642               0           10643               0
0006240             10644               0           10645               0
0006260             10646               0           10647               0
0006300             10648               0           10649               0
0006320             10650               0           10651               0
0006340             10652               0           10653               0
0006360             10654               0           10655               0
0006400             10656               0           10657               0
0006420             10658               0           10659               0
0006440             10660               0           10661               0
0006460             10662               0           10663               0
0006500             10664               0           10665               0
0006520             10666               0           10667               0
0006540             10668               0           10669               0
0006560             10670               0           10671               0
0006600             10672               0           10673               0
0006620             10674               0           10675               0
0006640             10676               0           10677               0
0006660             10678               0           10679               0
0006700             10680               0           10681               0
0006720             10682               0           10683               0
0006740             10684               0           10685               0
0006760             10686               0           10687               0
0007000             10688               0           10689               0
0007020             10690               0           10691               0
0007040             10692               0           10693               0
0007060             10694               0           10695               0
0007100             10696               0           10697               0
0007120             10698               0           10699               0
0007140             10700               0           10701               0
0007160             10702               0           10703               0
0007200             10704               0           10705               0
0007220             10706               0           10707               0
0007240             10708               0           10709               0
0007260             10710               0           10711               0
0007300             10712               0           10713               0
0007320             10714               0           10715               0
0007340             10716               0           10717               0
0007360             10718               0           10719               0
0007400             10720               0           10721               0
0007420             10722               0           10723               0
0007440             10724               0           10725               0
0007460             10726               0           10727               0
0007500             10728               0           10729               0
0007520             10730               0           10731               0
0007540             10732               0           10733               0
0007560             10734               0           10735               0
0007600             10736               0           10737               0
0007620             10738               0           10739               0
0007640             10740               0           10741               0
0007660             10742               0           10743               0
0007700             10744               0           10745               0
0007720             10746               0           10747               0
0007740             10748               0           10749               0
0007760             10750               0           10751               0
0010000             10752               0           10753               0
0010020             10754               0           10755               0
0010040             10756               0           10757               0
0010060             10758               0           10759               0
0010100             10760               0           10761               0
0010120             10762               0           10763               0
0010140             10764               0           10765               0
0010160             10766               0           10767               0
0010200             10768               0           10769               0
0010220             10770               0           10771               0
0010240             10772               0           10773               0
0010260             10774               0           10775               0
0010300             10776               0           10777               0
0010320             10778               0           10779               0
0010340             10780               0           10781               0
0010360             10782               0           10783               0
0010400             10784               0           10785               0
0010420             10786               0           10787               0
0010440             10788               0           10789               0
0010460             10790               0           10791               0
0010500             10792               0           10793               0
0010520             10794               0           10795               0
0010540             10796               0           10797               0
0010560             10798               0           10799               0
0010600             10800               0           10801               0
0010620             10802               0           10803               0
0010640             10804               0           10805               0
0010660             10806               0           10807               0
0010700             10808               0           10809               0
0010720             10810               0           10811               0
0010740             10812               0           10813               0
0010760             10814               0           10815               0
0011000             10816               0           10817               0
0011020             10818               0           10819               0
0011040             10820               0           10821               0
0011060             10822               0           10823               0
0011100             10824               0           10825               0
0011120             10826               0           10827               0
0011140             10828               0           10829               0
0011160             10830               0           10831               0
0011200             10832               0           10833               0
0011220             10834               0           10835               0
0011240             10836               0           10837               0
0011260             10838               0           10839               0
0011300             10840               0           10841               0
0011320             10842               0           10843               0
0011340             10844               0           10845               0
0011360             10846               0           10847               0
0011400             10848               0           10849               0
0011420             10850               0           10851               0
0011440             10852               0           10853               0
0011460             10854               0           10855               0
0011500             10856               0           10857               0
0011520             10858               0           10859               0
0011540             10860               0           10861               0
0011560             10862               0           10863               0
0011600             10864               0           10865               0
0011620             10866               0           10867               0
0011640             10868               0           10869               0
0011660             10870               0           10871               0
0011700             10872               0           10873               0
0011720             10874               0           10875               0
0011740             10876               0           10877               0
0011760             10878               0           10879               0
0012000             10880               0           10881               0
0012020             10882               0           10883               0
0012040             10884               0           10885               0
0012060             10886               0           10887               0
0012100             10888               0           10889               0
0012120             10890               0           10891               0
0012140             10892               0           10893               0
0012160             10894               0           10895               0
0012200             10896               0           10897               0
0012220             10898               0           10899               0
0012240             10900               0           10901               0
0012260             10902               0           10903               0
0012300             10904               0           10905               0
0012320             10906               0           10907               0
0012340             10908               0           10909               0
0012360             10910               0           10911               0
0012400             10912               0           10913               0
0012420             10914               0           10915               0
0012440             10916               0           10917               0
0012460             10918               0           10919               0
0012500             10920               0           10921               0
0012520             10922               0           10923               0
0012540             10924               0           10925               0
0012560             10926               0           10927               0
0012600             10928               0           10929               0
0012620             10930               0           10931               0
0012640             10932               0           10933               0
0012660             10934               0           10935               0
0012700             10936               0           10937               0
0012720             10938               0           10939               0
0012740             10940               0           10941               0
0012760             10942               0           10943               0
0013000             10944               0           10945               0
0013020             10946               0           10947               0
0013040             10948               0           10949               0
0013060             10950               0           10951               0
0013100             10952               0           10953               0
0013120             10954               0           10955               0
0013140             10956               0           10957               0
0013160             10958               0           10959               0
0013200             10960               0           10961               0
0013220             10962               0           10963               0
0013240             10964               0           10965               0
0013260             10966               0           10967               0
0013300             10968               0           10969               0
0013320             10970               0           10971               0
0013340             10972               0           10973               0
0013360             10974               0           10975               0
0013400             10976               0           10977               0
0013420             10978               0           10979               0
0013440             10980               0           10981               0
0013460             10982               0           10983               0
0013500             10984               0           10985               0
0013520             10986               0           10987               0
0013540             10988               0           10989               0
0013560             10990               0           10991               0
0013600             10992               0           10993               0
0013620             10994               0           10995               0
0013640             10996               0           10997               0
0013660             10998               0           10999               0
0013700             11000               0           11001               0
0013720             11002               0           11003               0
0013740             11004               0           11005               0
0013760             11006               0           11007               0
0014000             11008               0           11009               0
0014020             11010               0           11011               0
0014040             11012               0           11013               0
0014060             11014               0           11015               0
0014100             11016               0           11017               0
0014120             11018               0           11019               0
0014140             11020               0           11021               0
0014160             11022               0           11023               0
0014200             11024               0           11025               0
0014220             11026               0           11027               0
0014240             11028               0           11029               0
0014260             11030               0           11031               0
0014300             11032               0           11033               0
0014320             11034               0           11035               0
0014340             11036               0           11037               0
0014360             11038               0           11039               0
0014400             11040               0           11041               0
0014420             11042               0           11043               0
0014440             11044               0           11045               0
0014460             11046               0           11047               0
0014500             11048               0           11049               0
0014520             11050               0           11051               0
0014540             11052               0           11053               0
0014560             11054               0           11055               0
0014600             11056               0           11057               0
0014620             11058               0           11059               0
0014640             11060               0           11061               0
0014660             11062               0           11063               0
0014700             11064               0           11065               0
0014720             11066               0           11067               0
0014740             11068               0           11069               0
0014760             11070               0           11071               0
0015000             11072               0           11073               0
0015020             11074               0           11075               0
0015040             11076               0           11077               0
0015060             11078               0           11079               0
0015100             11080               0           11081               0
0015120             11082               0           11083               0
0015140             11084               0           11085               0
0015160             11086               0           11087               0
0015200             11088               0           11089               0
0015220             11090               0           11091               0
0015240             11092               0           11093               0
0015260             11094               0           11095               0
0015300             11096               0           11097               0
0015320             11098               0           11099               0
0015340             11100               0           11101               0
0015360             11102               0           11103               0
0015400             11104               0           11105               0
0015420             11106               0           11107               0
0015440             11108               0           11109               0
0015460             11110               0           11111               0
0015500             11112               0           11113               0
0015520             11114               0           11115               0
0015540             11116               0           11117               0
0015560             11118               0           11119               0
0015600             11120               0           11121               0
0015620             11122               0           11123               0
0015640             11124               0           11125               0
0015660             11126               0           11127               0
0015700             11128               0           11129               0
0015720             11130               0           11131               0
0015740             11132               0           11133               0
0015760             11134               0           11135               0
0016000             11136               0           11137               0
0016020             11138               0           11139               0
0016040             11140               0           11141               0
0016060             11142               0           11143               0
0016100             11144               0           11145               0
0016120             11146               0           11147               0
0016140             11148               0           11149               0
0016160             11150               0           11151               0
0016200             11152               0           11153               0
0016220             11154               0           11155               0
0016240             11156               0           11157               0
0016260             11158               0           11159               0
0016300             11160               0           11161               0
0016320             11162               0           11163               0
0016340             11164               0           11165               0
0016360             11166               0           11167               0
0016400             11168               0           11169               0
0016420             11170               0           11171               0
0016440             11172               0           11173               0
0016460             11174               0           11175               0
0016500             11176               0           11177               0
0016520             11178               0           11179               0
0016540             11180               0           11181               0
0016560             11182               0           11183               0
0016600             11184               0           11185               0
0016620             11186               0           11187               0
0016640             11188               0           11189               0
0016660             11190               0           11191               0
0016700             11192               0           11193               0
0016720             11194               0           11195               0
0016740             11196               0           11197               0
0016760             11198               0           11199               0
0017000             11200               0           11201               0
0017020             11202               0           11203               0
0017040             11204               0           11205               0
0017060             11206               0           11207               0
0017100             11208               0           11209               0
0017120             11210               0           11211               0
0017140             11212               0           11213               0
0017160             11214               0           11215               0
0017200             11216               0           11217               0
0017220             11218               0           11219               0
0017240             11220               0           11221               0
0017260             11222               0           11223               0
0017300             11224               0           11225               0
0017320             11226               0           11227               0
0017340             11228               0           11229               0
0017360             11230               0           11231               0
0017400             11232               0           11233               0
0017420             11234               0           11235               0
0017440             11236               0           11237               0
0017460             11238               0           11239               0
0017500             11240               0           11241               0
0017520             11242               0           11243               0
0017540             11244               0           11245               0
0017560             11246               0           11247               0
0017600             11248               0           11249               0
0017620             11250               0           11251               0
0017640             11252               0           11253               0
0017660             11254               0           11255               0
0017700             11256               0           11257               0
0017720             11258               0           11259               0
0017740             11260               0           11261               0
0017760             11262               0           11263               0
0020000             11264               0           11265               0
0020020             11266               0           11267               0
0020040             11268               0           11269               0
0020060             11270               0           11271               0
0020100             11272               0           11273               0
0020120             11274               0           11275               0
0020140             11276               0           11277               0
0020160             11278               0           11279               0
0020200             11280               0           11281               0
0020220             11282               0           11283               0
0020240             11284               0           11285               0
0020260             11286               0           11287               0
0020300             11288               0           11289               0
0020320             11290               0           11291               0
0020340             11292               0           11293               0
0020360             11294               0           11295               0
0020400             11296               0           11297               0
0020420             11298               0           11299               0
0020440             11300               0           11301               0
0020460             11302               0           11303               0
0020500             11304               0           11305               0
0020520             11306               0           11307               0
0020540             11308               0           11309               0
0020560             11310               0           11311               0
0020600             11312               0           11313               0
0020620             11314               0           11315               0
0020640             11316               0           11317               0
0020660             11318               0           11319               0
0020700             11320               0           11321               0
0020720             11322               0           11323               0
0020740             11324               0           11325               0
0020760             11326               0           11327               0
0021000             11328               0           11329               0
0021020             11330               0           11331               0
0021040             11332               0           11333               0
0021060             11334               0           11335               0
0021100             11336               0           11337               0
0021120             11338               0           11339               0
0021140             11340               0           11341               0
0021160             11342               0           11343               0
0021200             11344               0           11345               0
0021220             11346               0           11347               0
0021240             11348               0           11349               0
0021260             11350               0           11351               0
0021300             11352               0           11353               0
0021320             11354               0           11355               0
0021340             11356               0           11357               0
0021360             11358               0           11359               0
0021400             11360               0           11361               0
0021420             11362               0           11363               0
0021440             11364               0           11365               0
0021460             11366               0           11367               0
0021500             11368               0           11369               0
0021520             11370               0           11371               0
0021540             11372               0           11373               0
0021560             11374               0           11375               0
0021600             11376               0           11377               0
0021620             11378               0           11379               0
0021640             11380               0           11381               0
0021660             11382               0           11383               0
0021700             11384               0           11385               0
0021720             11386               0           11387               0
0021740             11388               0           11389               0
0021760             11390               0           11391               0
0022000             11392               0           11393               0
0022020             11394               0           11395               0
0022040             11396               0           11397               0
0022060             11398               0           11399               0
0022100             11400               0           11401               0
0022120             11402               0           11403               0
0022140             11404               0           11405               0
0022160             11406               0           11407               0
0022200             11408               0           11409               0
0022220             11410               0           11411               0
0022240             11412               0           11413               0
0022260             11414               0           11415               0
0022300             11416               0           11417               0
0022320             11418               0           11419               0
0022340             11420               0           11421               0
0022360             11422               0           11423               0
0022400             11424               0           11425               0
0022420             11426               0           11427               0
0022440             11428               0           11429               0
0022460             11430               0           11431               0
0022500             11432               0           11433               0
0022520             11434               0           11435               0
0022540             11436               0           11437               0
0022560             11438               0           11439               0
0022600             11440               0           11441               0
0022620             11442               0           11443               0
0022640             11444               0           11445               0
0022660             11446               0           11447               0
0022700             11448               0           11449               0
0022720             11450               0           11451               0
0022740             11452               0           11453               0
0022760             11454               0           11455               0
0023000             11456               0           11457               0
0023020             11458               0           11459               0
0023040             11460               0           11461               0
0023060             11462               0           11463               0
0023100             11464               0           11465               0
0023120             11466               0           11467               0
0023140             11468               0           11469               0
0023160             11470               0           11471               0
0023200             11472               0           11473               0
0023220             11474               0           11475               0
0023240             11476               0           11477               0
0023260             11478               0           11479               0
0023300             11480               0           11481               0
0023320             11482               0           11483               0
0023340             11484               0           11485               0
0023360             11486               0           11487               0
0023400             11488               0           11489               0
0023420             11490               0           11491               0
0023440             11492               0           11493               0
0023460             11494               0           11495               0
0023500             11496               0           11497               0
0023520             11498               0           11499               0
0023540             11500               0           11501               0
0023560             11502               0           11503               0
0023600             11504               0           11505               0
0023620             11506               0           11507               0
0023640             11508               0           11509               0
0023660             11510               0           11511               0
0023700             11512               0           11513               0
0023720             11514               0           11515               0
0023740             11516               0           11517               0
0023760             11518               0           11519               0
0024000             11520               0           11521               0
0024020             11522               0           11523               0
0024040             11524               0           11525               0
0024060             11526               0           11527               0
0024100             11528               0           11529               0
0024120             11530               0           11531               0
0024140             11532               0           11533               0
0024160             11534               0           11535               0
0024200             11536               0           11537               0
0024220             11538               0           11539               0
0024240             11540               0           11541               0
0024260             11542               0           11543               0
0024300             11544               0           11545               0
0024320             11546               0           11547               0
0024340             11548               0           11549               0
0024360             11550               0           11551               0
0024400             11552               0           11553               0
0024420             11554               0           11555               0
0024440             11556               0           11557               0
0024460             11558               0           11559               0
0024500             11560               0           11561               0
0024520             11562               0           11563               0
0024540             11564               0           11565               0
0024560             11566               0           11567               0
0024600             11568               0           11569               0
0024620             11570               0           11571               0
0024640             11572               0           11573               0
0024660             11574               0           11575               0
0024700             11576               0           11577               0
0024720             11578               0           11579               0
0024740             11580               0           11581               0
0024760             11582               0           11583               0
0025000             11584               0           11585               0
0025020             11586               0           11587               0
0025040             11588               0           11589               0
0025060             11590               0           11591               0
0025100             11592               0           11593               0
0025120             11594               0           11595               0
0025140             11596               0           11597               0
0025160             11598               0           11599               0
0025200             11600               0           11601               0
0025220             11602               0           11603               0
0025240             11604               0           11605               0
0025260             11606               0           11607               0
0025300             11608               0           11609               0
0025320             11610               0           11611               0
0025340             11612               0           11613               0
0025360             11614               0           11615               0
0025400             11616               0           11617               0
0025420             11618               0           11619               0
0025440             11620               0           11621               0
0025460             11622               0           11623               0
0025500             11624               0           11625               0
0025520             11626               0           11627               0
0025540             11628               0           11629               0
0025560             11630               0           11631               0
0025600             11632               0           11633               0
0025620             11634               0           11635               0
0025640             11636               0           11637               0
0025660             11638               0           11639               0
0025700             11640               0           11641               0
0025720             11642               0           11643               0
0025740             11644               0           11645               0
0025760             11646               0           11647               0
0026000             11648               0           11649               0
0026020             11650               0           11651               0
0026040             11652               0           11653               0
0026060             11654               0           11655               0
0026100             11656               0           11657               0
0026120             11658               0           11659               0
0026140             11660               0           11661               0
0026160             11662               0           11663               0
0026200             11664               0           11665               0
0026220             11666               0           11667               0
0026240             11668               0           11669               0
0026260             11670               0           11671               0
0026300             11672               0           11673               0
0026320             11674               0           11675               0
0026340             11676               0           11677               0
0026360             11678               0           11679               0
0026400             11680               0           11681               0
0026420             11682               0           11683               0
0026440             11684               0           11685               0
0026460             11686               0           11687               0
0026500             11688               0           11689               0
0026520             11690               0           11691               0
0026540             11692               0           11693               0
0026560             11694               0           11695               0
0026600             11696               0           11697               0
0026620             11698               0           11699               0
0026640             11700               0           11701               0
0026660             11702               0           11703               0
0026700             11704               0           11705               0
0026720             11706               0           11707               0
0026740             11708               0           11709               0
0026760             11710               0           11711               0
0027000             11712               0           11713               0
0027020             11714               0           11715               0
0027040             11716               0           11717               0
0027060             11718               0           11719               0
0027100             11720               0           11721               0
0027120             11722               0           11723               0
0027140             11724               0           11725               0
0027160             11726               0           11727               0
0027200             11728               0           11729               0
0027220             11730               0           11731               0
0027240             11732               0           11733               0
0027260             11734               0           11735               0
0027300             11736               0           11737               0
0027320             11738               0           11739               0
0027340             11740               0           11741               0
0027360             11742               0           11743               0
0027400             11744               0           11745               0
0027420             11746               0           11747               0
0027440             11748               0           11749               0
0027460             11750               0           11751               0
0027500             11752               0           11753               0
0027520             11754               0           11755               0
0027540             11756               0           11757               0
0027560             11758               0           11759               0
0027600             11760               0           11761               0
0027620             11762               0           11763               0
0027640             11764               0           11765               0
0027660             11766               0           11767               0
0027700             11768               0           11769               0
0027720             11770               0           11771               0
0027740             11772               0           11773               0
0027760             11774               0           11775               0
0030000             11776               0           11777               0
0030020             11778               0           11779               0
0030040             11780               0           11781               0
0030060             11782               0           11783               0
0030100             11784               0           11785               0
0030120             11786               0           11787               0
0030140             11788               0           11789               0
0030160             11790               0           11791               0
0030200             11792               0           11793               0
0030220             11794               0           11795               0
0030240             11796               0           11797               0
0030260             11798               0           11799               0
0030300             11800               0           11801               0
0030320             11802               0           11803               0
0030340             11804               0           11805               0
0030360             11806               0           11807               0
0030400             11808               0           11809               0
0030420             11810               0           11811               0
0030440             11812               0           11813               0
0030460             11814               0           11815               0
0030500             11816               0           11817               0
0030520             11818               0           11819               0
0030540             11820               0           11821               0
0030560             11822               0           11823               0
0030600             11824               0           11825               0
0030620             11826               0           11827               0
0030640             11828               0           11829               0
0030660             11830               0           11831               0
0030700             11832               0           11833               0
0030720             11834               0           11835               0
0030740             11836               0           11837               0
0030760             11838               0           11839               0
0031000             11840               0           11841               0
0031020             11842               0           11843               0
0031040             11844               0           11845               0
0031060             11846               0           11847               0
0031100             11848               0           11849               0
0031120             11850               0           11851               0
0031140             11852               0           11853               0
0031160             11854               0           11855               0
0031200             11856               0           11857               0
0031220             11858               0           11859               0
0031240             11860               0           11861               0
0031260             11862               0           11863               0
0031300             11864               0           11865               0
0031320             11866               0           11867               0
0031340             11868               0           11869               0
0031360             11870               0           11871               0
0031400             11872               0           11873               0
0031420             11874               0           11875               0
0031440             11876               0           11877               0
0031460             11878               0           11879               0
0031500             11880               0           11881               0
0031520             11882               0           11883               0
0031540             11884               0           11885               0
0031560             11886               0           11887               0
0031600             11888               0           11889               0
0031620             11890               0           11891               0
0031640             11892               0           11893               0
0031660             11894               0           11895               0
0031700             11896               0           11897               0
0031720             11898               0           11899               0
0031740             11900               0           11901               0
0031760             11902               0           11903               0
0032000             11904               0           11905               0
0032020             11906               0           11907               0
0032040             11908               0           11909               0
0032060             11910               0           11911               0
0032100             11912               0           11913               0
0032120             11914               0           11915               0
0032140             11916               0           11917               0
0032160             11918               0           11919               0
0032200             11920               0           11921               0
0032220             11922               0           11923               0
0032240             11924               0           11925               0
0032260             11926               0           11927               0
0032300             11928               0           11929               0
0032320             11930               0           11931               0
0032340             11932               0           11933               0
0032360             11934               0           11935               0
0032400             11936               0           11937               0
0032420             11938               0           11939               0
0032440             11940               0           11941               0
0032460             11942               0           11943               0
0032500             11944               0           11945               0
0032520             11946               0           11947               0
0032540             11948               0           11949               0
0032560             11950               0           11951               0
0032600             11952               0           11953               0
0032620             11954               0           11955               0
0032640             11956               0           11957               0
0032660             11958               0           11959               0
0032700             11960               0           11961               0
0032720             11962               0           11963               0
0032740             11964               0           11965               0
0032760             11966               0           11967               0
0033000             11968               0           11969               0
0033020             11970               0           11971               0
0033040             11972               0           11973               0
0033060             11974               0           11975               0
0033100             11976               0           11977               0
0033120             11978               0           11979               0
0033140             11980               0           11981               0
0033160             11982               0           11983               0
0033200             11984               0           11985               0
0033220             11986               0           11987               0
0033240             11988               0           11989               0
0033260             11990               0           11991               0
0033300             11992               0           11993               0
0033320             11994               0           11995               0
0033340             11996               0           11997               0
0033360             11998               0           11999               0
0033400             12000               0           12001               0
0033420             12002               0           12003               0
0033440             12004               0           12005               0
0033460             12006               0           12007               0
0033500             12008               0           12009               0
0033520             12010               0           12011               0
0033540             12012               0           12013               0
0033560             12014               0           12015               0
0033600             12016               0           12017               0
0033620             12018               0           12019               0
0033640             12020               0           12021               0
0033660             12022               0           12023               0
0033700             12024               0           12025               0
0033720             12026               0           12027               0
0033740             12028               0           12029               0
0033760             12030               0           12031               0
0034000             12032               0           12033               0
0034020             12034               0           12035               0
0034040             12036               0           12037               0
0034060             12038               0           12039               0
0034100             12040               0           12041               0
0034120             12042               0           12043               0
0034140             12044               0           12045               0
0034160             12046               0           12047               0
0034200             12048               0           12049               0
0034220             12050               0           12051               0
0034240             12052               0           12053               0
0034260             12054               0           12055               0
0034300             12056               0           12057               0
0034320             12058               0           12059               0
0034340             12060               0           12061               0
0034360             12062               0           12063               0
0034400             12064               0           12065               0
0034420             12066               0           12067               0
0034440             12068               0           12069               0
0034460             12070               0           12071               0
0034500             12072               0           12073               0
0034520             12074               0           12075               0
0034540             12076               0           12077               0
0034560             12078               0           12079               0
0034600             12080               0           12081               0
0034620             12082               0           12083               0
0034640             12084               0           12085               0
0034660             12086               0           12087               0
0034700             12088               0           12089               0
0034720             12090               0           12091               0
0034740             12092               0           12093               0
0034760             12094               0           12095               0
0035000             12096               0           12097               0
0035020             12098               0           12099               0
0035040             12100               0           12101               0
0035060             12102               0           12103               0
0035100             12104               0           12105               0
0035120             12106               0           12107               0
0035140             12108               0           12109               0
0035160             12110               0           12111               0
0035200             12112               0           12113               0
0035220             12114               0           12115               0
0035240             12116               0           12117               0
0035260             12118               0           12119               0
0035300             12120               0           12121               0
0035320             12122               0           12123               0
0035340             12124               0           12125               0
0035360             12126               0           12127               0
0035400             12128               0           12129               0
0035420             12130               0           12131               0
0035440             12132               0           12133               0
0035460             12134               0           12135               0
0035500             12136               0           12137               0
0035520             12138               0           12139               0
0035540             12140               0           12141               0
0035560             12142               0           12143               0
0035600             12144               0           12145               0
0035620             12146               0           12147               0
0035640             12148               0           12149               0
0035660             12150               0           12151               0
0035700             12152               0           12153               0
0035720             12154               0           12155               0
0035740             12156               0           12157               0
0035760             12158               0           12159               0
0036000             12160               0           12161               0
0036020             12162               0           12163               0
0036040             12164               0           12165               0
0036060             12166               0           12167               0
0036100             12168               0           12169               0
0036120             12170               0           12171               0
0036140             12172               0           12173               0
0036160             12174               0           12175               0
0036200             12176               0           12177               0
0036220             12178               0           12179               0
0036240             12180               0           12181               0
0036260             12182               0           12183               0
0036300             12184               0           12185               0
0036320             12186               0           12187               0
0036340             12188               0           12189               0
0036360             12190               0           12191               0
0036400             12192               0           12193               0
0036420             12194               0           12195               0
0036440             12196               0           12197               0
0036460             12198               0           12199               0
0036500             12200               0           12201               0
0036520             12202               0           12203               0
0036540             12204               0           12205               0
0036560             12206               0           12207               0
0036600             12208               0           12209               0
0036620             12210               0           12211               0
0036640             12212               0           12213               0
0036660             12214               0           12215               0
0036700             12216               0           12217               0
0036720             12218               0           12219               0
0036740             12220               0           12221               0
0036760             12222               0           12223               0
0037000             12224               0           12225               0
0037020             12226               0           12227               0
0037040             12228               0           12229               0
0037060             12230               0           12231               0
0037100             12232               0           12233               0
0037120             12234               0           12235               0
0037140             12236               0           12237               0
0037160             12238               0           12239               0
0037200             12240               0           12241               0
0037220             12242               0           12243               0
0037240             12244               0           12245               0
0037260             12246               0           12247               0
0037300             12248               0           12249               0
0037320             12250               0           12251               0
0037340             12252               0           12253               0
0037360             12254               0           12255               0
0037400             12256               0           12257               0
0037420             12258               0           12259               0
0037440             12260               0           12261               0
0037460             12262               0           12263               0
0037500             12264               0           12265               0
0037520             12266               0           12267               0
0037540             12268               0           12269               0
0037560             12270               0           12271               0
0037600             12272               0           12273               0
0037620             12274               0           12275               0
0037640             12276               0           12277               0
0037660             12278               0           12279               0
0037700             12280               0           12281               0
0037720             12282               0           12283               0
0037740             12284               0           12285               0
0037760             12286               0           12287               0
0040000
