0000000             12288               0           12289               0
0000020             12290               0           12291               0
0000040             12292               0           12293               0
0000060             12294               0           12295               0
0000100             12296               0           12297               0
0000120             12298               0           12299               0
0000140             12300               0           12301               0
0000160             12302               0           12303               0
0000200             12304               0           12305               0
0000220             12306               0           12307               0
0000240             12308               0           12309               0
0000260             12310               0           12311               0
0000300             12312               0           12313               0
0000320             12314               0           12315               0
0000340             12316               0           12317               0
0000360             12318               0           12319               0
0000400             12320               0           12321               0
0000420             12322               0           12323               0
0000440             12324               0           12325               0
0000460             12326               0           12327               0
0000500             12328               0           12329               0
0000520             12330               0           12331               0
0000540             12332               0           12333               0
0000560             12334               0           12335               0
0000600             12336               0           12337               0
0000620             12338               0           12339               0
0000640             12340               0           12341               0
0000660             12342               0           12343               0
0000700             12344               0           12345               0
0000720             12346               0           12347               0
0000740             12348               0           12349               0
0000760             12350               0           12351               0
0001000             12352               0           12353               0
0001020             12354               0           12355               0
0001040             12356               0           12357               0
0001060             12358               0           12359               0
0001100             12360               0           12361               0
0001120             12362               0           12363               0
0001140             12364               0           12365               0
0001160             12366               0           12367               0
0001200             12368               0           12369               0
0001220             12370               0           12371               0
0001240             12372               0           12373               0
0001260             12374               0           12375               0
0001300             12376               0           12377               0
0001320             12378               0           12379               0
0001340             12380               0           12381               0
0001360             12382               0           12383               0
0001400             12384               0           12385               0
0001420             12386               0           12387               0
0001440             12388               0           12389               0
0001460             12390               0           12391               0
0001500             12392               0           12393               0
0001520             12394               0           12395               0
0001540             12396               0           12397               0
0001560             12398               0           12399               0
0001600             12400               0           12401               0
0001620             12402               0           12403               0
0001640             12404               0           12405               0
0001660             12406               0           12407               0
0001700             12408               0           12409               0
0001720             12410               0           12411               0
0001740             12412               0           12413               0
0001760             12414               0           12415               0
0002000             12416               0           12417               0
0002020             12418               0           12419               0
0002040             12420               0           12421               0
0002060             12422               0           12423               0
0002100             12424               0           12425               0
0002120             12426               0           12427               0
0002140             12428               0           12429               0
0002160             12430               0           12431               0
0002200             12432               0           12433               0
0002220             12434               0           12435               0
0002240             12436               0           12437               0
0002260             12438               0           12439               0
0002300             12440               0           12441               0
0002320             12442               0           12443               0
0002340             12444               0           12445               0
0002360             12446               0           12447               0
0002400             12448               0           12449               0
0002420             12450               0           12451               0
0002440             12452               0           12453               0
0002460             12454               0           12455               0
0002500             12456               0           12457               0
0002520             12458               0           12459               0
0002540             12460               0           12461               0
0002560             12462               0           12463               0
0002600             12464               0           12465               0
0002620             12466               0           12467               0
0002640             12468               0           12469               0
0002660             12470               0           12471               0
0002700             12472               0           12473               0
0002720             12474               0           12475               0
0002740             12476               0           12477               0
0002760             12478               0           12479               0
0003000             12480               0           12481               0
0003020             12482               0           12483               0
0003040             12484               0           12485               0
0003060             12486               0           12487               0
0003100             12488               0           12489               0
0003120             12490               0           12491               0
0003140             12492               0           12493               0
0003160             12494               0           12495               0
0003200             12496               0           12497               0
0003220             12498               0           12499               0
0003240             12500               0           12501               0
0003260             12502               0           12503               0
0003300             12504               0           12505               0
0003320             12506               0           12507               0
0003340             12508               0           12509               0
0003360             12510               0           12511               0
0003400             12512               0           12513               0
0003420             12514               0           12515               0
0003440             12516               0           12517               0
0003460             12518               0           12519               0
0003500             12520               0           12521               0
0003520             12522               0           12523               0
0003540             12524               0           12525               0
0003560             12526               0           12527               0
0003600             12528               0           12529               0
0003620             12530               0           12531               0
0003640             12532               0           12533               0
0003660             12534               0           12535               0
0003700             12536               0           12537               0
0003720             12538               0           12539               0
0003740             12540               0           12541               0
0003760             12542               0           12543               0
0004000             12544               0           12545               0
0004020             12546               0           12547               0
0004040             12548               0           12549               0
0004060             12550               0           12551               0
0004100             12552               0           12553               0
0004120             12554               0           12555               0
0004140             12556               0           12557               0
0004160             12558               0           12559               0
0004200             12560               0           12561               0
0004220             12562               0           12563               0
0004240             12564               0           12565               0
0004260             12566               0           12567               0
0004300             12568               0           12569               0
0004320             12570               0           12571               0
0004340             12572               0           12573               0
0004360             12574               0           12575               0
0004400             12576               0           12577               0
0004420             12578               0           12579               0
0004440             12580               0           12581               0
0004460             12582               0           12583               0
0004500             12584               0           12585               0
0004520             12586               0           12587               0
0004540             12588               0           12589               0
0004560             12590               0           12591               0
0004600             12592               0           12593               0
0004620             12594               0           12595               0
0004640             12596               0           12597               0
0004660             12598               0           12599               0
0004700             12600               0           12601               0
0004720             12602               0           12603               0
0004740             12604               0           12605               0
0004760             12606               0           12607               0
0005000             12608               0           12609               0
0005020             12610               0           12611               0
0005040             12612               0           12613               0
0005060             12614               0           12615               0
0005100             12616               0           12617               0
0005120             12618               0           12619               0
0005140             12620               0           12621               0
0005160             12622               0           12623               0
0005200             12624               0           12625               0
0005220             12626               0           12627               0
0005240             12628               0           12629               0
0005260             12630               0           12631               0
0005300             12632               0           12633               0
0005320             12634               0           12635               0
0005340             12636               0           12637               0
0005360             12638               0           12639               0
0005400             12640               0           12641               0
0005420             12642               0           12643               0
0005440             12644               0           12645               0
0005460             12646               0           12647               0
0005500             12648               0           12649               0
0005520             12650               0           12651               0
0005540             12652               0           12653               0
0005560             12654               0           12655               0
0005600             12656               0           12657               0
0005620             12658               0           12659               0
0005640             12660               0           12661               0
0005660             12662               0           12663               0
0005700             12664               0           12665               0
0005720             12666               0           12667               0
0005740             12668               0           12669               0
0005760             12670               0           12671               0
0006000             12672               0           12673               0
0006020             12674               0           12675               0
0006040             12676               0           12677               0
0006060             12678               0           12679               0
0006100             12680               0           12681               0
0006120             12682               0           12683               0
0006140             12684               0           12685               0
0006160             12686               0           12687               0
0006200             12688               0           12689               0
0006220             12690               0           12691               0
0006240             12692               0           12693               0
0006260             12694               0           12695               0
0006300             12696               0           12697               0
0006320             12698               0           12699               0
0006340             12700               0           12701               0
0006360             12702               0           12703               0
0006400             12704               0           12705               0
0006420             12706               0           12707               0
0006440             12708               0           12709               0
0006460             12710               0           12711               0
0006500             12712               0           12713               0
0006520             12714               0           12715               0
0006540             12716               0           12717               0
0006560             12718               0           12719               0
0006600             12720               0           12721               0
0006620             12722               0           12723               0
0006640             12724               0           12725               0
0006660             12726               0           12727               0
0006700             12728               0           12729               0
0006720             12730               0           12731               0
0006740             12732               0           12733               0
0006760             12734               0           12735               0
0007000             12736               0           12737               0
0007020             12738               0           12739               0
0007040             12740               0           12741               0
0007060             12742               0           12743               0
0007100             12744               0           12745               0
0007120             12746               0           12747               0
0007140             12748               0           12749               0
0007160             12750               0           12751               0
0007200             12752               0           12753               0
0007220             12754               0           12755               0
0007240             12756               0           12757               0
0007260             12758               0           12759               0
0007300             12760               0           12761               0
0007320             12762               0           12763               0
0007340             12764               0           12765               0
0007360             12766               0           12767               0
0007400             12768               0           12769               0
0007420             12770               0           12771               0
0007440             12772               0           12773               0
0007460             12774               0           12775               0
0007500             12776               0           12777               0
0007520             12778               0           12779               0
0007540             12780               0           12781               0
0007560             12782               0           12783               0
0007600             12784               0           12785               0
0007620             12786               0           12787               0
0007640             12788               0           12789               0
0007660             12790               0           12791               0
0007700             12792               0           12793               0
0007720             12794               0           12795               0
0007740             12796               0           12797               0
0007760             12798               0           12799               0
0010000             12800               0           12801               0
0010020             12802               0           12803               0
0010040             12804               0           12805               0
0010060             12806               0           12807               0
0010100             12808               0           12809               0
0010120             12810               0           12811               0
0010140             12812               0           12813               0
0010160             12814               0           12815               0
0010200             12816               0           12817               0
0010220             12818               0           12819               0
0010240             12820               0           12821               0
0010260             12822               0           12823               0
0010300             12824               0           12825               0
0010320             12826               0           12827               0
0010340             12828               0           12829               0
0010360             12830               0           12831               0
0010400             12832               0           12833               0
0010420             12834               0           12835               0
0010440             12836               0           12837               0
0010460             12838               0           12839               0
0010500             12840               0           12841               0
0010520             12842               0           12843               0
0010540             12844               0           12845               0
0010560             12846               0           12847               0
0010600             12848               0           12849               0
0010620             12850               0           12851               0
0010640             12852               0           12853               0
0010660             12854               0           12855               0
0010700             12856               0           12857               0
0010720             12858               0           12859               0
0010740             12860               0           12861               0
0010760             12862               0           12863               0
0011000             12864               0           12865               0
0011020             12866               0           12867               0
0011040             12868               0           12869               0
0011060             12870               0           12871               0
0011100             12872               0           12873               0
0011120             12874               0           12875               0
0011140             12876               0           12877               0
0011160             12878               0           12879               0
0011200             12880               0           12881               0
0011220             12882               0           12883               0
0011240             12884               0           12885               0
0011260             12886               0           12887               0
0011300             12888               0           12889               0
0011320             12890               0           12891               0
0011340             12892               0           12893               0
0011360             12894               0           12895               0
0011400             12896               0           12897               0
0011420             12898               0           12899               0
0011440             12900               0           12901               0
0011460             12902               0           12903               0
0011500             12904               0           12905               0
0011520             12906               0           12907               0
0011540             12908               0           12909               0
0011560             12910               0           12911               0
0011600             12912               0           12913               0
0011620             12914               0           12915               0
0011640             12916               0           12917               0
0011660             12918               0           12919               0
0011700             12920               0           12921               0
0011720             12922               0           12923               0
0011740             12924               0           12925               0
0011760             12926               0           12927               0
0012000             12928               0           12929               0
0012020             12930               0           12931               0
0012040             12932               0           12933               0
0012060             12934               0           12935               0
0012100             12936               0           12937               0
0012120             12938               0           12939               0
0012140             12940               0           12941               0
0012160             12942               0           12943               0
0012200             12944               0           12945               0
0012220             12946               0           12947               0
0012240             12948               0           12949               0
0012260             12950               0           12951               0
0012300             12952               0           12953               0
0012320             12954               0           12955               0
0012340             12956               0           12957               0
0012360             12958               0           12959               0
0012400             12960               0           12961               0
0012420             12962               0           12963               0
0012440             12964               0           12965               0
0012460             12966               0           12967               0
0012500             12968               0           12969               0
0012520             12970               0           12971               0
0012540             12972               0           12973               0
0012560             12974               0           12975               0
0012600             12976               0           12977               0
0012620             12978               0           12979               0
0012640             12980               0           12981               0
0012660             12982               0           12983               0
0012700             12984               0           12985               0
0012720             12986               0           12987               0
0012740             12988               0           12989               0
0012760             12990               0           12991               0
0013000             12992               0           12993               0
0013020             12994               0           12995               0
0013040             12996               0           12997               0
0013060             12998               0           12999               0
0013100             13000               0           13001               0
0013120             13002               0           13003               0
0013140             13004               0           13005               0
0013160             13006               0           13007               0
0013200             13008               0           13009               0
0013220             13010               0           13011               0
0013240             13012               0           13013               0
0013260             13014               0           13015               0
0013300             13016               0           13017               0
0013320             13018               0           13019               0
0013340             13020               0           13021               0
0013360             13022               0           13023               0
0013400             13024               0           13025               0
0013420             13026               0           13027               0
0013440             13028               0           13029               0
0013460             13030               0           13031               0
0013500             13032               0           13033               0
0013520             13034               0           13035               0
0013540             13036               0           13037               0
0013560             13038               0           13039               0
0013600             13040               0           13041               0
0013620             13042               0           13043               0
0013640             13044               0           13045               0
0013660             13046               0           13047               0
0013700             13048               0           13049               0
0013720             13050               0           13051               0
0013740             13052               0           13053               0
0013760             13054               0           13055               0
0014000             13056               0           13057               0
0014020             13058               0           13059               0
0014040             13060               0           13061               0
0014060             13062               0           13063               0
0014100             13064               0           13065               0
0014120             13066               0           13067               0
0014140             13068               0           13069               0
0014160             13070               0           13071               0
0014200             13072               0           13073               0
0014220             13074               0           13075               0
0014240             13076               0           13077               0
0014260             13078               0           13079               0
0014300             13080               0           13081               0
0014320             13082               0           13083               0
0014340             13084               0           13085               0
0014360             13086               0           13087               0
0014400             13088               0           13089               0
0014420             13090               0           13091               0
0014440             13092               0           13093               0
0014460             13094               0           13095               0
0014500             13096               0           13097               0
0014520             13098               0           13099               0
0014540             13100               0           13101               0
0014560             13102               0           13103               0
0014600             13104               0           13105               0
0014620             13106               0           13107               0
0014640             13108               0           13109               0
0014660             13110               0           13111               0
0014700             13112               0           13113               0
0014720             13114               0           13115               0
0014740             13116               0           13117               0
0014760             13118               0           13119               0
0015000             13120               0           13121               0
0015020             13122               0           13123               0
0015040             13124               0           13125               0
0015060             13126               0           13127               0
0015100             13128               0           13129               0
0015120             13130               0           13131               0
0015140             13132               0           13133               0
0015160             13134               0           13135               0
0015200             13136               0           13137               0
0015220             13138               0           13139               0
0015240             13140               0           13141               0
0015260             13142               0           13143               0
0015300             13144               0           13145               0
0015320             13146               0           13147               0
0015340             13148               0           13149               0
0015360             13150               0           13151               0
0015400             13152               0           13153               0
0015420             13154               0           13155               0
0015440             13156               0           13157               0
0015460             13158               0           13159               0
0015500             13160               0           13161               0
0015520             13162               0           13163               0
0015540             13164               0           13165               0
0015560             13166               0           13167               0
0015600             13168               0           13169               0
0015620             13170               0           13171               0
0015640             13172               0           13173               0
0015660             13174               0           13175               0
0015700             13176               0           13177               0
0015720             13178               0           13179               0
0015740             13180               0           13181               0
0015760             13182               0           13183               0
0016000             13184               0           13185               0
0016020             13186               0           13187               0
0016040             13188               0           13189               0
0016060             13190               0           13191               0
0016100             13192               0           13193               0
0016120             13194               0           13195               0
0016140             13196               0           13197               0
0016160             13198               0           13199               0
0016200             13200               0           13201               0
0016220             13202               0           13203               0
0016240             13204               0           13205               0
0016260             13206               0           13207               0
0016300             13208               0           13209               0
0016320             13210               0           13211               0
0016340             13212               0           13213               0
0016360             13214               0           13215               0
0016400             13216               0           13217               0
0016420             13218               0           13219               0
0016440             13220               0           13221               0
0016460             13222               0           13223               0
0016500             13224               0           13225               0
0016520             13226               0           13227               0
0016540             13228               0           13229               0
0016560             13230               0           13231               0
0016600             13232               0           13233               0
0016620             13234               0           13235               0
0016640             13236               0           13237               0
0016660             13238               0           13239               0
0016700             13240               0           13241               0
0016720             13242               0           13243               0
0016740             13244               0           13245               0
0016760             13246               0           13247               0
0017000             13248               0           13249               0
0017020             13250               0           13251               0
0017040             13252               0           13253               0
0017060             13254               0           13255               0
0017100             13256               0           13257               0
0017120             13258               0           13259               0
0017140             13260               0           13261               0
0017160             13262               0           13263               0
0017200             13264               0           13265               0
0017220             13266               0           13267               0
0017240             13268               0           13269               0
0017260             13270               0           13271               0
0017300             13272               0           13273               0
0017320             13274               0           13275               0
0017340             13276               0           13277               0
0017360             13278               0           13279               0
0017400             13280               0           13281               0
0017420             13282               0           13283               0
0017440             13284               0           13285               0
0017460             13286               0           13287               0
0017500             13288               0           13289               0
0017520             13290               0           13291               0
0017540             13292               0           13293               0
0017560             13294               0           13295               0
0017600             13296               0           13297               0
0017620             13298               0           13299               0
0017640             13300               0           13301               0
0017660             13302               0           13303               0
0017700             13304               0           13305               0
0017720             13306               0           13307               0
0017740             13308               0           13309               0
0017760             13310               0           13311               0
0020000             13312               0           13313               0
0020020             13314               0           13315               0
0020040             13316               0           13317               0
0020060             13318               0           13319               0
0020100             13320               0           13321               0
0020120             13322               0           13323               0
0020140             13324               0           13325               0
0020160             13326               0           13327               0
0020200             13328               0           13329               0
0020220             13330               0           13331               0
0020240             13332               0           13333               0
0020260             13334               0           13335               0
0020300             13336               0           13337               0
0020320             13338               0           13339               0
0020340             13340               0           13341               0
0020360             13342               0           13343               0
0020400             13344               0           13345               0
0020420             13346               0           13347               0
0020440             13348               0           13349               0
0020460             13350               0           13351               0
0020500             13352               0           13353               0
0020520             13354               0           13355               0
0020540             13356               0           13357               0
0020560             13358               0           13359               0
0020600             13360               0           13361               0
0020620             13362               0           13363               0
0020640             13364               0           13365               0
0020660             13366               0           13367               0
0020700             13368               0           13369               0
0020720             13370               0           13371               0
0020740             13372               0           13373               0
0020760             13374               0           13375               0
0021000             13376               0           13377               0
0021020             13378               0           13379               0
0021040             13380               0           13381               0
0021060             13382               0           13383               0
0021100             13384               0           13385               0
0021120             13386               0           13387               0
0021140             13388               0           13389               0
0021160             13390               0           13391               0
0021200             13392               0           13393               0
0021220             13394               0           13395               0
0021240             13396               0           13397               0
0021260             13398               0           13399               0
0021300             13400               0           13401               0
0021320             13402               0           13403               0
0021340             13404               0           13405               0
0021360             13406               0           13407               0
0021400             13408               0           13409               0
0021420             13410               0           13411               0
0021440             13412               0           13413               0
0021460             13414               0           13415               0
0021500             13416               0           13417               0
0021520             13418               0           13419               0
0021540             13420               0           13421               0
0021560             13422               0           13423               0
0021600             13424               0           13425               0
0021620             13426               0           13427               0
0021640             13428               0           13429               0
0021660             13430               0           13431               0
0021700             13432               0           13433               0
0021720             13434               0           13435               0
0021740             13436               0           13437               0
0021760             13438               0           13439               0
0022000             13440               0           13441               0
0022020             13442               0           13443               0
0022040             13444               0           13445               0
0022060             13446               0           13447               0
0022100             13448               0           13449               0
0022120             13450               0           13451               0
0022140             13452               0           13453               0
0022160             13454               0           13455               0
0022200             13456               0           13457               0
0022220             13458               0           13459               0
0022240             13460               0           13461               0
0022260             13462               0           13463               0
0022300             13464               0           13465               0
0022320             13466               0           13467               0
0022340             13468               0           13469               0
0022360             13470               0           13471               0
0022400             13472               0           13473               0
0022420             13474               0           13475               0
0022440             13476               0           13477               0
0022460             13478               0           13479               0
0022500             13480               0           13481               0
0022520             13482               0           13483               0
0022540             13484               0           13485               0
0022560             13486               0           13487               0
0022600             13488               0           13489               0
0022620             13490               0           13491               0
0022640             13492               0           13493               0
0022660             13494               0           13495               0
0022700             13496               0           13497               0
0022720             13498               0           13499               0
0022740             13500               0           13501               0
0022760             13502               0           13503               0
0023000             13504               0           13505               0
0023020             13506               0           13507               0
0023040             13508               0           13509               0
0023060             13510               0           13511               0
0023100             13512               0           13513               0
0023120             13514               0           13515               0
0023140             13516               0           13517               0
0023160             13518               0           13519               0
0023200             13520               0           13521               0
0023220             13522               0           13523               0
0023240             13524               0           13525               0
0023260             13526               0           13527               0
0023300             13528               0           13529               0
0023320             13530               0           13531               0
0023340             13532               0           13533               0
0023360             13534               0           13535               0
0023400             13536               0           13537               0
0023420             13538               0           13539               0
0023440             13540               0           13541               0
0023460             13542               0           13543               0
0023500             13544               0           13545               0
0023520             13546               0           13547               0
0023540             13548               0           13549               0
0023560             13550               0           13551               0
0023600             13552               0           13553               0
0023620             13554               0           13555               0
0023640             13556               0           13557               0
0023660             13558               0           13559               0
0023700             13560               0           13561               0
0023720             13562               0           13563               0
0023740             13564               0           13565               0
0023760             13566               0           13567               0
0024000             13568               0           13569               0
0024020             13570               0           13571               0
0024040             13572               0           13573               0
0024060             13574               0           13575               0
0024100             13576               0           13577               0
0024120             13578               0           13579               0
0024140             13580               0           13581               0
0024160             13582               0           13583               0
0024200             13584               0           13585               0
0024220             13586               0           13587               0
0024240             13588               0           13589               0
0024260             13590               0           13591               0
0024300             13592               0           13593               0
0024320             13594               0           13595               0
0024340             13596               0           13597               0
0024360             13598               0           13599               0
0024400             13600               0           13601               0
0024420             13602               0           13603               0
0024440             13604               0           13605               0
0024460             13606               0           13607               0
0024500             13608               0           13609               0
0024520             13610               0           13611               0
0024540             13612               0           13613               0
0024560             13614               0           13615               0
0024600             13616               0           13617               0
0024620             13618               0           13619               0
0024640             13620               0           13621               0
0024660             13622               0           13623               0
0024700             13624               0           13625               0
0024720             13626               0           13627               0
0024740             13628               0           13629               0
0024760             13630               0           13631               0
0025000             13632               0           13633               0
0025020             13634               0           13635               0
0025040             13636               0           13637               0
0025060             13638               0           13639               0
0025100             13640               0           13641               0
0025120             13642               0           13643               0
0025140             13644               0           13645               0
0025160             13646               0           13647               0
0025200             13648               0           13649               0
0025220             13650               0           13651               0
0025240             13652               0           13653               0
0025260             13654               0           13655               0
0025300             13656               0           13657               0
0025320             13658               0           13659               0
0025340             13660               0           13661               0
0025360             13662               0           13663               0
0025400             13664               0           13665               0
0025420             13666               0           13667               0
0025440             13668               0           13669               0
0025460             13670               0           13671               0
0025500             13672               0           13673               0
0025520             13674               0           13675               0
0025540             13676               0           13677               0
0025560             13678               0           13679               0
0025600             13680               0           13681               0
0025620             13682               0           13683               0
0025640             13684               0           13685               0
0025660             13686               0           13687               0
0025700             13688               0           13689               0
0025720             13690               0           13691               0
0025740             13692               0           13693               0
0025760             13694               0           13695               0
0026000             13696               0           13697               0
0026020             13698               0           13699               0
0026040             13700               0           13701               0
0026060             13702               0           13703               0
0026100             13704               0           13705               0
0026120             13706               0           13707               0
0026140             13708               0           13709               0
0026160             13710               0           13711               0
0026200             13712               0           13713               0
0026220             13714               0           13715               0
0026240             13716               0           13717               0
0026260             13718               0           13719               0
0026300             13720               0           13721               0
0026320             13722               0           13723               0
0026340             13724               0           13725               0
0026360             13726               0           13727               0
0026400             13728               0           13729               0
0026420             13730               0           13731               0
0026440             13732               0           13733               0
0026460             13734               0           13735               0
0026500             13736               0           13737               0
0026520             13738               0           13739               0
0026540             13740               0           13741               0
0026560             13742               0           13743               0
0026600             13744               0           13745               0
0026620             13746               0           13747               0
0026640             13748               0           13749               0
0026660             13750               0           13751               0
0026700             13752               0           13753               0
0026720             13754               0           13755               0
0026740             13756               0           13757               0
0026760             13758               0           13759               0
0027000             13760               0           13761               0
0027020             13762               0           13763               0
0027040             13764               0           13765               0
0027060             13766               0           13767               0
0027100             13768               0           13769               0
0027120             13770               0           13771               0
0027140             13772               0           13773               0
0027160             13774               0           13775               0
0027200             13776               0           13777               0
0027220             13778               0           13779               0
0027240             13780               0           13781               0
0027260             13782               0           13783               0
0027300             13784               0           13785               0
0027320             13786               0           13787               0
0027340             13788               0           13789               0
0027360             13790               0           13791               0
0027400             13792               0           13793               0
0027420             13794               0           13795               0
0027440             13796               0           13797               0
0027460             13798               0           13799               0
0027500             13800               0           13801               0
0027520             13802               0           13803               0
0027540             13804               0           13805               0
0027560             13806               0           13807               0
0027600             13808               0           13809               0
0027620             13810               0           13811               0
0027640             13812               0           13813               0
0027660             13814               0           13815               0
0027700             13816               0           13817               0
0027720             13818               0           13819               0
0027740             13820               0           13821               0
0027760             13822               0           13823               0
0030000             13824               0           13825               0
0030020             13826               0           13827               0
0030040             13828               0           13829               0
0030060             13830               0           13831               0
0030100             13832               0           13833               0
0030120             13834               0           13835               0
0030140             13836               0           13837               0
0030160             13838               0           13839               0
0030200             13840               0           13841               0
0030220             13842               0           13843               0
0030240             13844               0           13845               0
0030260             13846               0           13847               0
0030300             13848               0           13849               0
0030320             13850               0           13851               0
0030340             13852               0           13853               0
0030360             13854               0           13855               0
0030400             13856               0           13857               0
0030420             13858               0           13859               0
0030440             13860               0           13861               0
0030460             13862               0           13863               0
0030500             13864               0           13865               0
0030520             13866               0           13867               0
0030540             13868               0           13869               0
0030560             13870               0           13871               0
0030600             13872               0           13873               0
0030620             13874               0           13875               0
0030640             13876               0           13877               0
0030660             13878               0           13879               0
0030700             13880               0           13881               0
0030720             13882               0           13883               0
0030740             13884               0           13885               0
0030760             13886               0           13887               0
0031000             13888               0           13889               0
0031020             13890               0           13891               0
0031040             13892               0           13893               0
0031060             13894               0           13895               0
0031100             13896               0           13897               0
0031120             13898               0           13899               0
0031140             13900               0           13901               0
0031160             13902               0           13903               0
0031200             13904               0           13905               0
0031220             13906               0           13907               0
0031240             13908               0           13909               0
0031260             13910               0           13911               0
0031300             13912               0           13913               0
0031320             13914               0           13915               0
0031340             13916               0           13917               0
0031360             13918               0           13919               0
0031400             13920               0           13921               0
0031420             13922               0           13923               0
0031440             13924               0           13925               0
0031460             13926               0           13927               0
0031500             13928               0           13929               0
0031520             13930               0           13931               0
0031540             13932               0           13933               0
0031560             13934               0           13935               0
0031600             13936               0           13937               0
0031620             13938               0           13939               0
0031640             13940               0           13941               0
0031660             13942               0           13943               0
0031700             13944               0           13945               0
0031720             13946               0           13947               0
0031740             13948               0           13949               0
0031760             13950               0           13951               0
0032000             13952               0           13953               0
0032020             13954               0           13955               0
0032040             13956               0           13957               0
0032060             13958               0           13959               0
0032100             13960               0           13961               0
0032120             13962               0           13963               0
0032140             13964               0           13965               0
0032160             13966               0           13967               0
0032200             13968               0           13969               0
0032220             13970               0           13971               0
0032240             13972               0           13973               0
0032260             13974               0           13975               0
0032300             13976               0           13977               0
0032320             13978               0           13979               0
0032340             13980               0           13981               0
0032360             13982               0           13983               0
0032400             13984               0           13985               0
0032420             13986               0           13987               0
0032440             13988               0           13989               0
0032460             13990               0           13991               0
0032500             13992               0           13993               0
0032520             13994               0           13995               0
0032540             13996               0           13997               0
0032560             13998               0           13999               0
0032600             14000               0           14001               0
0032620             14002               0           14003               0
0032640             14004               0           14005               0
0032660             14006               0           14007               0
0032700             14008               0           14009               0
0032720             14010               0           14011               0
0032740             14012               0           14013               0
0032760             14014               0           14015               0
0033000             14016               0           14017               0
0033020             14018               0           14019               0
0033040             14020               0           14021               0
0033060             14022               0           14023               0
0033100             14024               0           14025               0
0033120             14026               0           14027               0
0033140             14028               0           14029               0
0033160             14030               0           14031               0
0033200             14032               0           14033               0
0033220             14034               0           14035               0
0033240             14036               0           14037               0
0033260             14038               0           14039               0
0033300             14040               0           14041               0
0033320             14042               0           14043               0
0033340             14044               0           14045               0
0033360             14046               0           14047               0
0033400             14048               0           14049               0
0033420             14050               0           14051               0
0033440             14052               0           14053               0
0033460             14054               0           14055               0
0033500             14056               0           14057               0
0033520             14058               0           14059               0
0033540             14060               0           14061               0
0033560             14062               0           14063               0
0033600             14064               0           14065               0
0033620             14066               0           14067               0
0033640             14068               0           14069               0
0033660             14070               0           14071               0
0033700             14072               0           14073               0
0033720             14074               0           14075               0
0033740             14076               0           14077               0
0033760             14078               0           14079               0
0034000             14080               0           14081               0
0034020             14082               0           14083               0
0034040             14084               0           14085               0
0034060             14086               0           14087               0
0034100             14088               0           14089               0
0034120             14090               0           14091               0
0034140             14092               0           14093               0
0034160             14094               0           14095               0
0034200             14096               0           14097               0
0034220             14098               0           14099               0
0034240             14100               0           14101               0
0034260             14102               0           14103               0
0034300             14104               0           14105               0
0034320             14106               0           14107               0
0034340             14108               0           14109               0
0034360             14110               0           14111               0
0034400             14112               0           14113               0
0034420             14114               0           14115               0
0034440             14116               0           14117               0
0034460             14118               0           14119               0
0034500             14120               0           14121               0
0034520             14122               0           14123               0
0034540             14124               0           14125               0
0034560             14126               0           14127               0
0034600             14128               0           14129               0
0034620             14130               0           14131               0
0034640             14132               0           14133               0
0034660             14134               0           14135               0
0034700             14136               0           14137               0
0034720             14138               0           14139               0
0034740             14140               0           14141               0
0034760             14142               0           14143               0
0035000             14144               0           14145               0
0035020             14146               0           14147               0
0035040             14148               0           14149               0
0035060             14150               0           14151               0
0035100             14152               0           14153               0
0035120             14154               0           14155               0
0035140             14156               0           14157               0
0035160             14158               0           14159               0
0035200             14160               0           14161               0
0035220             14162               0           14163               0
0035240             14164               0           14165               0
0035260             14166               0           14167               0
0035300             14168               0           14169               0
0035320             14170               0           14171               0
0035340             14172               0           14173               0
0035360             14174               0           14175               0
0035400             14176               0           14177               0
0035420             14178               0           14179               0
0035440             14180               0           14181               0
0035460             14182               0           14183               0
0035500             14184               0           14185               0
0035520             14186               0           14187               0
0035540             14188               0           14189               0
0035560             14190               0           14191               0
0035600             14192               0           14193               0
0035620             14194               0           14195               0
0035640             14196               0           14197               0
0035660             14198               0           14199               0
0035700             14200               0           14201               0
0035720             14202               0           14203               0
0035740             14204               0           14205               0
0035760             14206               0           14207               0
0036000             14208               0           14209               0
0036020             14210               0           14211               0
0036040             14212               0           14213               0
0036060             14214               0           14215               0
0036100             14216               0           14217               0
0036120             14218               0           14219               0
0036140             14220               0           14221               0
0036160             14222               0           14223               0
0036200             14224               0           14225               0
0036220             14226               0           14227               0
0036240             14228               0           14229               0
0036260             14230               0           14231               0
0036300             14232               0           14233               0
0036320             14234               0           14235               0
0036340             14236               0           14237               0
0036360             14238               0           14239               0
0036400             14240               0           14241               0
0036420             14242               0           14243               0
0036440             14244               0           14245               0
0036460             14246               0           14247               0
0036500             14248               0           14249               0
0036520             14250               0           14251               0
0036540             14252               0           14253               0
0036560             14254               0           14255               0
0036600             14256               0           14257               0
0036620             14258               0           14259               0
0036640             14260               0           14261               0
0036660             14262               0           14263               0
0036700             14264               0           14265               0
0036720             14266               0           14267               0
0036740             14268               0           14269               0
0036760             14270               0           14271               0
0037000             14272               0           14273               0
0037020             14274               0           14275               0
0037040             14276               0           14277               0
0037060             14278               0           14279               0
0037100             14280               0           14281               0
0037120             14282               0           14283               0
0037140             14284               0           14285               0
0037160             14286               0           14287               0
0037200             14288               0           14289               0
0037220             14290               0           14291               0
0037240             14292               0           14293               0
0037260             14294               0           14295               0
0037300             14296               0           14297               0
0037320             14298               0           14299               0
0037340             14300               0           14301               0
0037360             14302               0           14303               0
0037400             14304               0           14305               0
0037420             14306               0           14307               0
0037440             14308               0           14309               0
0037460             14310               0           14311               0
0037500             14312               0           14313               0
0037520             14314               0           14315               0
0037540             14316               0           14317               0
0037560             14318               0           14319               0
0037600             14320               0           14321               0
0037620             14322               0           14323               0
0037640             14324               0           14325               0
0037660             14326               0           14327               0
0037700             14328               0           14329               0
0037720             14330               0           14331               0
0037740             14332               0           14333               0
0037760             14334               0           14335               0
0040000
