0000000             14336               0           14337               0
0000020             14338               0           14339               0
0000040             14340               0           14341               0
0000060             14342               0           14343               0
0000100             14344               0           14345               0
0000120             14346               0           14347               0
0000140             14348               0           14349               0
0000160             14350               0           14351               0
0000200             14352               0           14353               0
0000220             14354               0           14355               0
0000240             14356               0           14357               0
0000260             14358               0           14359               0
0000300             14360               0           14361               0
0000320             14362               0           14363               0
0000340             14364               0           14365               0
0000360             14366               0           14367               0
0000400             14368               0           14369               0
0000420             14370               0           14371               0
0000440             14372               0           14373               0
0000460             14374               0           14375               0
0000500             14376               0           14377               0
0000520             14378               0           14379               0
0000540             14380               0           14381               0
0000560             14382               0           14383               0
0000600             14384               0           14385               0
0000620             14386               0           14387               0
0000640             14388               0           14389               0
0000660             14390               0           14391               0
0000700             14392               0           14393               0
0000720             14394               0           14395               0
0000740             14396               0           14397               0
0000760             14398               0           14399               0
0001000             14400               0           14401               0
0001020             14402               0           14403               0
0001040             14404               0           14405               0
0001060             14406               0           14407               0
0001100             14408               0           14409               0
0001120             14410               0           14411               0
0001140             14412               0           14413               0
0001160             14414               0           14415               0
0001200             14416               0           14417               0
0001220             14418               0           14419               0
0001240             14420               0           14421               0
0001260             14422               0           14423               0
0001300             14424               0           14425               0
0001320             14426               0           14427               0
0001340             14428               0           14429               0
0001360             14430               0           14431               0
0001400             14432               0           14433               0
0001420             14434               0           14435               0
0001440             14436               0           14437               0
0001460             14438               0           14439               0
0001500             14440               0           14441               0
0001520             14442               0           14443               0
0001540             14444               0           14445               0
0001560             14446               0           14447               0
0001600             14448               0           14449               0
0001620             14450               0           14451               0
0001640             14452               0           14453               0
0001660             14454               0           14455               0
0001700             14456               0           14457               0
0001720             14458               0           14459               0
0001740             14460               0           14461               0
0001760             14462               0           14463               0
0002000             14464               0           14465               0
0002020             14466               0           14467               0
0002040             14468               0           14469               0
0002060             14470               0           14471               0
0002100             14472               0           14473               0
0002120             14474               0           14475               0
0002140             14476               0           14477               0
0002160             14478               0           14479               0
0002200             14480               0           14481               0
0002220             14482               0           14483               0
0002240             14484               0           14485               0
0002260             14486               0           14487               0
0002300             14488               0           14489               0
0002320             14490               0           14491               0
0002340             14492               0           14493               0
0002360             14494               0           14495               0
0002400             14496               0           14497               0
0002420             14498               0           14499               0
0002440             14500               0           14501               0
0002460             14502               0           14503               0
0002500             14504               0           14505               0
0002520             14506               0           14507               0
0002540             14508               0           14509               0
0002560             14510               0           14511               0
0002600             14512               0           14513               0
0002620             14514               0           14515               0
0002640             14516               0           14517               0
0002660             14518               0           14519               0
0002700             14520               0           14521               0
0002720             14522               0           14523               0
0002740             14524               0           14525               0
0002760             14526               0           14527               0
0003000             14528               0           14529               0
0003020             14530               0           14531               0
0003040             14532               0           14533               0
0003060             14534               0           14535               0
0003100             14536               0           14537               0
0003120             14538               0           14539               0
0003140             14540               0           14541               0
0003160             14542               0           14543               0
0003200             14544               0           14545               0
0003220             14546               0           14547               0
0003240             14548               0           14549               0
0003260             14550               0           14551               0
0003300             14552               0           14553               0
0003320             14554               0           14555               0
0003340             14556               0           14557               0
0003360             14558               0           14559               0
0003400             14560               0           14561               0
0003420             14562               0           14563               0
0003440             14564               0           14565               0
0003460             14566               0           14567               0
0003500             14568               0           14569               0
0003520             14570               0           14571               0
0003540             14572               0           14573               0
0003560             14574               0           14575               0
0003600             14576               0           14577               0
0003620             14578               0           14579               0
0003640             14580               0           14581               0
0003660             14582               0           14583               0
0003700             14584               0           14585               0
0003720             14586               0           14587               0
0003740             14588               0           14589               0
0003760             14590               0           14591               0
0004000             14592               0           14593               0
0004020             14594               0           14595               0
0004040             14596               0           14597               0
0004060             14598               0           14599               0
0004100             14600               0           14601               0
0004120             14602               0           14603               0
0004140             14604               0           14605               0
0004160             14606               0           14607               0
0004200             14608               0           14609               0
0004220             14610               0           14611               0
0004240             14612               0           14613               0
0004260             14614               0           14615               0
0004300             14616               0           14617               0
0004320             14618               0           14619               0
0004340             14620               0           14621               0
0004360             14622               0           14623               0
0004400             14624               0           14625               0
0004420             14626               0           14627               0
0004440             14628               0           14629               0
0004460             14630               0           14631               0
0004500             14632               0           14633               0
0004520             14634               0           14635               0
0004540             14636               0           14637               0
0004560             14638               0           14639               0
0004600             14640               0           14641               0
0004620             14642               0           14643               0
0004640             14644               0           14645               0
0004660             14646               0           14647               0
0004700             14648               0           14649               0
0004720             14650               0           14651               0
0004740             14652               0           14653               0
0004760             14654               0           14655               0
0005000             14656               0           14657               0
0005020             14658               0           14659               0
0005040             14660               0           14661               0
0005060             14662               0           14663               0
0005100             14664               0           14665               0
0005120             14666               0           14667               0
0005140             14668               0           14669               0
0005160             14670               0           14671               0
0005200             14672               0           14673               0
0005220             14674               0           14675               0
0005240             14676               0           14677               0
0005260             14678               0           14679               0
0005300             14680               0           14681               0
0005320             14682               0           14683               0
0005340             14684               0           14685               0
0005360             14686               0           14687               0
0005400             14688               0           14689               0
0005420             14690               0           14691               0
0005440             14692               0           14693               0
0005460             14694               0           14695               0
0005500             14696               0           14697               0
0005520             14698               0           14699               0
0005540             14700               0           14701               0
0005560             14702               0           14703               0
0005600             14704               0           14705               0
0005620             14706               0           14707               0
0005640             14708               0           14709               0
0005660             14710               0           14711               0
0005700             14712               0           14713               0
0005720             14714               0           14715               0
0005740             14716               0           14717               0
0005760             14718               0           14719               0
0006000             14720               0           14721               0
0006020             14722               0           14723               0
0006040             14724               0           14725               0
0006060             14726               0           14727               0
0006100             14728               0           14729               0
0006120             14730               0           14731               0
0006140             14732               0           14733               0
0006160             14734               0           14735               0
0006200             14736               0           14737               0
0006220             14738               0           14739               0
0006240             14740               0           14741               0
0006260             14742               0           14743               0
0006300             14744               0           14745               0
0006320             14746               0           14747               0
0006340             14748               0           14749               0
0006360             14750               0           14751               0
0006400             14752               0           14753               0
0006420             14754               0           14755               0
0006440             14756               0           14757               0
0006460             14758               0           14759               0
0006500             14760               0           14761               0
0006520             14762               0           14763               0
0006540             14764               0           14765               0
0006560             14766               0           14767               0
0006600             14768               0           14769               0
0006620             14770               0           14771               0
0006640             14772               0           14773               0
0006660             14774               0           14775               0
0006700             14776               0           14777               0
0006720             14778               0           14779               0
0006740             14780               0           14781               0
0006760             14782               0           14783               0
0007000             14784               0           14785               0
0007020             14786               0           14787               0
0007040             14788               0           14789               0
0007060             14790               0           14791               0
0007100             14792               0           14793               0
0007120             14794               0           14795               0
0007140             14796               0           14797               0
0007160             14798               0           14799               0
0007200             14800               0           14801               0
0007220             14802               0           14803               0
0007240             14804               0           14805               0
0007260             14806               0           14807               0
0007300             14808               0           14809               0
0007320             14810               0           14811               0
0007340             14812               0           14813               0
0007360             14814               0           14815               0
0007400             14816               0           14817               0
0007420             14818               0           14819               0
0007440             14820               0           14821               0
0007460             14822               0           14823               0
0007500             14824               0           14825               0
0007520             14826               0           14827               0
0007540             14828               0           14829               0
0007560             14830               0           14831               0
0007600             14832               0           14833               0
0007620             14834               0           14835               0
0007640             14836               0           14837               0
0007660             14838               0           14839               0
0007700             14840               0           14841               0
0007720             14842               0           14843               0
0007740             14844               0           14845               0
0007760             14846               0           14847               0
0010000             14848               0           14849               0
0010020             14850               0           14851               0
0010040             14852               0           14853               0
0010060             14854               0           14855               0
0010100             14856               0           14857               0
0010120             14858               0           14859               0
0010140             14860               0           14861               0
0010160             14862               0           14863               0
0010200             14864               0           14865               0
0010220             14866               0           14867               0
0010240             14868               0           14869               0
0010260             14870               0           14871               0
0010300             14872               0           14873               0
0010320             14874               0           14875               0
0010340             14876               0           14877               0
0010360             14878               0           14879               0
0010400             14880               0           14881               0
0010420             14882               0           14883               0
0010440             14884               0           14885               0
0010460             14886               0           14887               0
0010500             14888               0           14889               0
0010520             14890               0           14891               0
0010540             14892               0           14893               0
0010560             14894               0           14895               0
0010600             14896               0           14897               0
0010620             14898               0           14899               0
0010640             14900               0           14901               0
0010660             14902               0           14903               0
0010700             14904               0           14905               0
0010720             14906               0           14907               0
0010740             14908               0           14909               0
0010760             14910               0           14911               0
0011000             14912               0           14913               0
0011020             14914               0           14915               0
0011040             14916               0           14917               0
0011060             14918               0           14919               0
0011100             14920               0           14921               0
0011120             14922               0           14923               0
0011140             14924               0           14925               0
0011160             14926               0           14927               0
0011200             14928               0           14929               0
0011220             14930               0           14931               0
0011240             14932               0           14933               0
0011260             14934               0           14935               0
0011300             14936               0           14937               0
0011320             14938               0           14939               0
0011340             14940               0           14941               0
0011360             14942               0           14943               0
0011400             14944               0           14945               0
0011420             14946               0           14947               0
0011440             14948               0           14949               0
0011460             14950               0           14951               0
0011500             14952               0           14953               0
0011520             14954               0           14955               0
0011540             14956               0           14957               0
0011560             14958               0           14959               0
0011600             14960               0           14961               0
0011620             14962               0           14963               0
0011640             14964               0           14965               0
0011660             14966               0           14967               0
0011700             14968               0           14969               0
0011720             14970               0           14971               0
0011740             14972               0           14973               0
0011760             14974               0           14975               0
0012000             14976               0           14977               0
0012020             14978               0           14979               0
0012040             14980               0           14981               0
0012060             14982               0           14983               0
0012100             14984               0           14985               0
0012120             14986               0           14987               0
0012140             14988               0           14989               0
0012160             14990               0           14991               0
0012200             14992               0           14993               0
0012220             14994               0           14995               0
0012240             14996               0           14997               0
0012260             14998               0           14999               0
0012300             15000               0           15001               0
0012320             15002               0           15003               0
0012340             15004               0           15005               0
0012360             15006               0           15007               0
0012400             15008               0           15009               0
0012420             15010               0           15011               0
0012440             15012               0           15013               0
0012460             15014               0           15015               0
0012500             15016               0           15017               0
0012520             15018               0           15019               0
0012540             15020               0           15021               0
0012560             15022               0           15023               0
0012600             15024               0           15025               0
0012620             15026               0           15027               0
0012640             15028               0           15029               0
0012660             15030               0           15031               0
0012700             15032               0           15033               0
0012720             15034               0           15035               0
0012740             15036               0           15037               0
0012760             15038               0           15039               0
0013000             15040               0           15041               0
0013020             15042               0           15043               0
0013040             15044               0           15045               0
0013060             15046               0           15047               0
0013100             15048               0           15049               0
0013120             15050               0           15051               0
0013140             15052               0           15053               0
0013160             15054               0           15055               0
0013200             15056               0           15057               0
0013220             15058               0           15059               0
0013240             15060               0           15061               0
0013260             15062               0           15063               0
0013300             15064               0           15065               0
0013320             15066               0           15067               0
0013340             15068               0           15069               0
0013360             15070               0           15071               0
0013400             15072               0           15073               0
0013420             15074               0           15075               0
0013440             15076               0           15077               0
0013460             15078               0           15079               0
0013500             15080               0           15081               0
0013520             15082               0           15083               0
0013540             15084               0           15085               0
0013560             15086               0           15087               0
0013600             15088               0           15089               0
0013620             15090               0           15091               0
0013640             15092               0           15093               0
0013660             15094               0           15095               0
0013700             15096               0           15097               0
0013720             15098               0           15099               0
0013740             15100               0           15101               0
0013760             15102               0           15103               0
0014000             15104               0           15105               0
0014020             15106               0           15107               0
0014040             15108               0           15109               0
0014060             15110               0           15111               0
0014100             15112               0           15113               0
0014120             15114               0           15115               0
0014140             15116               0           15117               0
0014160             15118               0           15119               0
0014200             15120               0           15121               0
0014220             15122               0           15123               0
0014240             15124               0           15125               0
0014260             15126               0           15127               0
0014300             15128               0           15129               0
0014320             15130               0           15131               0
0014340             15132               0           15133               0
0014360             15134               0           15135               0
0014400             15136               0           15137               0
0014420             15138               0           15139               0
0014440             15140               0           15141               0
0014460             15142               0           15143               0
0014500             15144               0           15145               0
0014520             15146               0           15147               0
0014540             15148               0           15149               0
0014560             15150               0           15151               0
0014600             15152               0           15153               0
0014620             15154               0           15155               0
0014640             15156               0           15157               0
0014660             15158               0           15159               0
0014700             15160               0           15161               0
0014720             15162               0           15163               0
0014740             15164               0           15165               0
0014760             15166               0           15167               0
0015000             15168               0           15169               0
0015020             15170               0           15171               0
0015040             15172               0           15173               0
0015060             15174               0           15175               0
0015100             15176               0           15177               0
0015120             15178               0           15179               0
0015140             15180               0           15181               0
0015160             15182               0           15183               0
0015200             15184               0           15185               0
0015220             15186               0           15187               0
0015240             15188               0           15189               0
0015260             15190               0           15191               0
0015300             15192               0           15193               0
0015320             15194               0           15195               0
0015340             15196               0           15197               0
0015360             15198               0           15199               0
0015400             15200               0           15201               0
0015420             15202               0           15203               0
0015440             15204               0           15205               0
0015460             15206               0           15207               0
0015500             15208               0           15209               0
0015520             15210               0           15211               0
0015540             15212               0           15213               0
0015560             15214               0           15215               0
0015600             15216               0           15217               0
0015620             15218               0           15219               0
0015640             15220               0           15221               0
0015660             15222               0           15223               0
0015700             15224               0           15225               0
0015720             15226               0           15227               0
0015740             15228               0           15229               0
0015760             15230               0           15231               0
0016000             15232               0           15233               0
0016020             15234               0           15235               0
0016040             15236               0           15237               0
0016060             15238               0           15239               0
0016100             15240               0           15241               0
0016120             15242               0           15243               0
0016140             15244               0           15245               0
0016160             15246               0           15247               0
0016200             15248               0           15249               0
0016220             15250               0           15251               0
0016240             15252               0           15253               0
0016260             15254               0           15255               0
0016300             15256               0           15257               0
0016320             15258               0           15259               0
0016340             15260               0           15261               0
0016360             15262               0           15263               0
0016400             15264               0           15265               0
0016420             15266               0           15267               0
0016440             15268               0           15269               0
0016460             15270               0           15271               0
0016500             15272               0           15273               0
0016520             15274               0           15275               0
0016540             15276               0           15277               0
0016560             15278               0           15279               0
0016600             15280               0           15281               0
0016620             15282               0           15283               0
0016640             15284               0           15285               0
0016660             15286               0           15287               0
0016700             15288               0           15289               0
0016720             15290               0           15291               0
0016740             15292               0           15293               0
0016760             15294               0           15295               0
0017000             15296               0           15297               0
0017020             15298               0           15299               0
0017040             15300               0           15301               0
0017060             15302               0           15303               0
0017100             15304               0           15305               0
0017120             15306               0           15307               0
0017140             15308               0           15309               0
0017160             15310               0           15311               0
0017200             15312               0           15313               0
0017220             15314               0           15315               0
0017240             15316               0           15317               0
0017260             15318               0           15319               0
0017300             15320               0           15321               0
0017320             15322               0           15323               0
0017340             15324               0           15325               0
0017360             15326               0           15327               0
0017400             15328               0           15329               0
0017420             15330               0           15331               0
0017440             15332               0           15333               0
0017460             15334               0           15335               0
0017500             15336               0           15337               0
0017520             15338               0           15339               0
0017540             15340               0           15341               0
0017560             15342               0           15343               0
0017600             15344               0           15345               0
0017620             15346               0           15347               0
0017640             15348               0           15349               0
0017660             15350               0           15351               0
0017700             15352               0           15353               0
0017720             15354               0           15355               0
0017740             15356               0           15357               0
0017760             15358               0           15359               0
0020000             15360               0           15361               0
0020020             15362               0           15363               0
0020040             15364               0           15365               0
0020060             15366               0           15367               0
0020100             15368               0           15369               0
0020120             15370               0           15371               0
0020140             15372               0           15373               0
0020160             15374               0           15375               0
0020200             15376               0           15377               0
0020220             15378               0           15379               0
0020240             15380               0           15381               0
0020260             15382               0           15383               0
0020300             15384               0           15385               0
0020320             15386               0           15387               0
0020340             15388               0           15389               0
0020360             15390               0           15391               0
0020400             15392               0           15393               0
0020420             15394               0           15395               0
0020440             15396               0           15397               0
0020460             15398               0           15399               0
0020500             15400               0           15401               0
0020520             15402               0           15403               0
0020540             15404               0           15405               0
0020560             15406               0           15407               0
0020600             15408               0           15409               0
0020620             15410               0           15411               0
0020640             15412               0           15413               0
0020660             15414               0           15415               0
0020700             15416               0           15417               0
0020720             15418               0           15419               0
0020740             15420               0           15421               0
0020760             15422               0           15423               0
0021000             15424               0           15425               0
0021020             15426               0           15427               0
0021040             15428               0           15429               0
0021060             15430               0           15431               0
0021100             15432               0           15433               0
0021120             15434               0           15435               0
0021140             15436               0           15437               0
0021160             15438               0           15439               0
0021200             15440               0           15441               0
0021220             15442               0           15443               0
0021240             15444               0           15445               0
0021260             15446               0           15447               0
0021300             15448               0           15449               0
0021320             15450               0           15451               0
0021340             15452               0           15453               0
0021360             15454               0           15455               0
0021400             15456               0           15457               0
0021420             15458               0           15459               0
0021440             15460               0           15461               0
0021460             15462               0           15463               0
0021500             15464               0           15465               0
0021520             15466               0           15467               0
0021540             15468               0           15469               0
0021560             15470               0           15471               0
0021600             15472               0           15473               0
0021620             15474               0           15475               0
0021640             15476               0           15477               0
0021660             15478               0           15479               0
0021700             15480               0           15481               0
0021720             15482               0           15483               0
0021740             15484               0           15485               0
0021760             15486               0           15487               0
0022000             15488               0           15489               0
0022020             15490               0           15491               0
0022040             15492               0           15493               0
0022060             15494               0           15495               0
0022100             15496               0           15497               0
0022120             15498               0           15499               0
0022140             15500               0           15501               0
0022160             15502               0           15503               0
0022200             15504               0           15505               0
0022220             15506               0           15507               0
0022240             15508               0           15509               0
0022260             15510               0           15511               0
0022300             15512               0           15513               0
0022320             15514               0           15515               0
0022340             15516               0           15517               0
0022360             15518               0           15519               0
0022400             15520               0           15521               0
0022420             15522               0           15523               0
0022440             15524               0           15525               0
0022460             15526               0           15527               0
0022500             15528               0           15529               0
0022520             15530               0           15531               0
0022540             15532               0           15533               0
0022560             15534               0           15535               0
0022600             15536               0           15537               0
0022620             15538               0           15539               0
0022640             15540               0           15541               0
0022660             15542               0           15543               0
0022700             15544               0           15545               0
0022720             15546               0           15547               0
0022740             15548               0           15549               0
0022760             15550               0           15551               0
0023000             15552               0           15553               0
0023020             15554               0           15555               0
0023040             15556               0           15557               0
0023060             15558               0           15559               0
0023100             15560               0           15561               0
0023120             15562               0           15563               0
0023140             15564               0           15565               0
0023160             15566               0           15567               0
0023200             15568               0           15569               0
0023220             15570               0           15571               0
0023240             15572               0           15573               0
0023260             15574               0           15575               0
0023300             15576               0           15577               0
0023320             15578               0           15579               0
0023340             15580               0           15581               0
0023360             15582               0           15583               0
0023400             15584               0           15585               0
0023420             15586               0           15587               0
0023440             15588               0           15589               0
0023460             15590               0           15591               0
0023500             15592               0           15593               0
0023520             15594               0           15595               0
0023540             15596               0           15597               0
0023560             15598               0           15599               0
0023600             15600               0           15601               0
0023620             15602               0           15603               0
0023640             15604               0           15605               0
0023660             15606               0           15607               0
0023700             15608               0           15609               0
0023720             15610               0           15611               0
0023740             15612               0           15613               0
0023760             15614               0           15615               0
0024000             15616               0           15617               0
0024020             15618               0           15619               0
0024040             15620               0           15621               0
0024060             15622               0           15623               0
0024100             15624               0           15625               0
0024120             15626               0           15627               0
0024140             15628               0           15629               0
0024160             15630               0           15631               0
0024200             15632               0           15633               0
0024220             15634               0           15635               0
0024240             15636               0           15637               0
0024260             15638               0           15639               0
0024300             15640               0           15641               0
0024320             15642               0           15643               0
0024340             15644               0           15645               0
0024360             15646               0           15647               0
0024400             15648               0           15649               0
0024420             15650               0           15651               0
0024440             15652               0           15653               0
0024460             15654               0           15655               0
0024500             15656               0           15657               0
0024520             15658               0           15659               0
0024540             15660               0           15661               0
0024560             15662               0           15663               0
0024600             15664               0           15665               0
0024620             15666               0           15667               0
0024640             15668               0           15669               0
0024660             15670               0           15671               0
0024700             15672               0           15673               0
0024720             15674               0           15675               0
0024740             15676               0           15677               0
0024760             15678               0           15679               0
0025000             15680               0           15681               0
0025020             15682               0           15683               0
0025040             15684               0           15685               0
0025060             15686               0           15687               0
0025100             15688               0           15689               0
0025120             15690               0           15691               0
0025140             15692               0           15693               0
0025160             15694               0           15695               0
0025200             15696               0           15697               0
0025220             15698               0           15699               0
0025240             15700               0           15701               0
0025260             15702               0           15703               0
0025300             15704               0           15705               0
0025320             15706               0           15707               0
0025340             15708               0           15709               0
0025360             15710               0           15711               0
0025400             15712               0           15713               0
0025420             15714               0           15715               0
0025440             15716               0           15717               0
0025460             15718               0           15719               0
0025500             15720               0           15721               0
0025520             15722               0           15723               0
0025540             15724               0           15725               0
0025560             15726               0           15727               0
0025600             15728               0           15729               0
0025620             15730               0           15731               0
0025640             15732               0           15733               0
0025660             15734               0           15735               0
0025700             15736               0           15737               0
0025720             15738               0           15739               0
0025740             15740               0           15741               0
0025760             15742               0           15743               0
0026000             15744               0           15745               0
0026020             15746               0           15747               0
0026040             15748               0           15749               0
0026060             15750               0           15751               0
0026100             15752               0           15753               0
0026120             15754               0           15755               0
0026140             15756               0           15757               0
0026160             15758               0           15759               0
0026200             15760               0           15761               0
0026220             15762               0           15763               0
0026240             15764               0           15765               0
0026260             15766               0           15767               0
0026300             15768               0           15769               0
0026320             15770               0           15771               0
0026340             15772               0           15773               0
0026360             15774               0           15775               0
0026400             15776               0           15777               0
0026420             15778               0           15779               0
0026440             15780               0           15781               0
0026460             15782               0           15783               0
0026500             15784               0           15785               0
0026520             15786               0           15787               0
0026540             15788               0           15789               0
0026560             15790               0           15791               0
0026600             15792               0           15793               0
0026620             15794               0           15795               0
0026640             15796               0           15797               0
0026660             15798               0           15799               0
0026700             15800               0           15801               0
0026720             15802               0           15803               0
0026740             15804               0           15805               0
0026760             15806               0           15807               0
0027000             15808               0           15809               0
0027020             15810               0           15811               0
0027040             15812               0           15813               0
0027060             15814               0           15815               0
0027100             15816               0           15817               0
0027120             15818               0           15819               0
0027140             15820               0           15821               0
0027160             15822               0           15823               0
0027200             15824               0           15825               0
0027220             15826               0           15827               0
0027240             15828               0           15829               0
0027260             15830               0           15831               0
0027300             15832               0           15833               0
0027320             15834               0           15835               0
0027340             15836               0           15837               0
0027360             15838               0           15839               0
0027400             15840               0           15841               0
0027420             15842               0           15843               0
0027440             15844               0           15845               0
0027460             15846               0           15847               0
0027500             15848               0           15849               0
0027520             15850               0           15851               0
0027540             15852               0           15853               0
0027560             15854               0           15855               0
0027600             15856               0           15857               0
0027620             15858               0           15859               0
0027640             15860               0           15861               0
0027660             15862               0           15863               0
0027700             15864               0           15865               0
0027720             15866               0           15867               0
0027740             15868               0           15869               0
0027760             15870               0           15871               0
0030000             15872               0           15873               0
0030020             15874               0           15875               0
0030040             15876               0           15877               0
0030060             15878               0           15879               0
0030100             15880               0           15881               0
0030120             15882               0           15883               0
0030140             15884               0           15885               0
0030160             15886               0           15887               0
0030200             15888               0           15889               0
0030220             15890               0           15891               0
0030240             15892               0           15893               0
0030260             15894               0           15895               0
0030300             15896               0           15897               0
0030320             15898               0           15899               0
0030340             15900               0           15901               0
0030360             15902               0           15903               0
0030400             15904               0           15905               0
0030420             15906               0           15907               0
0030440             15908               0           15909               0
0030460             15910               0           15911               0
0030500             15912               0           15913               0
0030520             15914               0           15915               0
0030540             15916               0           15917               0
0030560             15918               0           15919               0
0030600             15920               0           15921               0
0030620             15922               0           15923               0
0030640             15924               0           15925               0
0030660             15926               0           15927               0
0030700             15928               0           15929               0
0030720             15930               0           15931               0
0030740             15932               0           15933               0
0030760             15934               0           15935               0
0031000             15936               0           15937               0
0031020             15938               0           15939               0
0031040             15940               0           15941               0
0031060             15942               0           15943               0
0031100             15944               0           15945               0
0031120             15946               0           15947               0
0031140             15948               0           15949               0
0031160             15950               0           15951               0
0031200             15952               0           15953               0
0031220             15954               0           15955               0
0031240             15956               0           15957               0
0031260             15958               0           15959               0
0031300             15960               0           15961               0
0031320             15962               0           15963               0
0031340             15964               0           15965               0
0031360             15966               0           15967               0
0031400             15968               0           15969               0
0031420             15970               0           15971               0
0031440             15972               0           15973               0
0031460             15974               0           15975               0
0031500             15976               0           15977               0
0031520             15978               0           15979               0
0031540             15980               0           15981               0
0031560             15982               0           15983               0
0031600             15984               0           15985               0
0031620             15986               0           15987               0
0031640             15988               0           15989               0
0031660             15990               0           15991               0
0031700             15992               0           15993               0
0031720             15994               0           15995               0
0031740             15996               0           15997               0
0031760             15998               0           15999               0
0032000             16000               0           16001               0
0032020             16002               0           16003               0
0032040             16004               0           16005               0
0032060             16006               0           16007               0
0032100             16008               0           16009               0
0032120             16010               0           16011               0
0032140             16012               0           16013               0
0032160             16014               0           16015               0
0032200             16016               0           16017               0
0032220             16018               0           16019               0
0032240             16020               0           16021               0
0032260             16022               0           16023               0
0032300             16024               0           16025               0
0032320             16026               0           16027               0
0032340             16028               0           16029               0
0032360             16030               0           16031               0
0032400             16032               0           16033               0
0032420             16034               0           16035               0
0032440             16036               0           16037               0
0032460             16038               0           16039               0
0032500             16040               0           16041               0
0032520             16042               0           16043               0
0032540             16044               0           16045               0
0032560             16046               0           16047               0
0032600             16048               0           16049               0
0032620             16050               0           16051               0
0032640             16052               0           16053               0
0032660             16054               0           16055               0
0032700             16056               0           16057               0
0032720             16058               0           16059               0
0032740             16060               0           16061               0
0032760             16062               0           16063               0
0033000             16064               0           16065               0
0033020             16066               0           16067               0
0033040             16068               0           16069               0
0033060             16070               0           16071               0
0033100             16072               0           16073               0
0033120             16074               0           16075               0
0033140             16076               0           16077               0
0033160             16078               0           16079               0
0033200             16080               0           16081               0
0033220             16082               0           16083               0
0033240             16084               0           16085               0
0033260             16086               0           16087               0
0033300             16088               0           16089               0
0033320             16090               0           16091               0
0033340             16092               0           16093               0
0033360             16094               0           16095               0
0033400             16096               0           16097               0
0033420             16098               0           16099               0
0033440             16100               0           16101               0
0033460             16102               0           16103               0
0033500             16104               0           16105               0
0033520             16106               0           16107               0
0033540             16108               0           16109               0
0033560             16110               0           16111               0
0033600             16112               0           16113               0
0033620             16114               0           16115               0
0033640             16116               0           16117               0
0033660             16118               0           16119               0
0033700             16120               0           16121               0
0033720             16122               0           16123               0
0033740             16124               0           16125               0
0033760             16126               0           16127               0
0034000             16128               0           16129               0
0034020             16130               0           16131               0
0034040             16132               0           16133               0
0034060             16134               0           16135               0
0034100             16136               0           16137               0
0034120             16138               0           16139               0
0034140             16140               0           16141               0
0034160             16142               0           16143               0
0034200             16144               0           16145               0
0034220             16146               0           16147               0
0034240             16148               0           16149               0
0034260             16150               0           16151               0
0034300             16152               0           16153               0
0034320             16154               0           16155               0
0034340             16156               0           16157               0
0034360             16158               0           16159               0
0034400             16160               0           16161               0
0034420             16162               0           16163               0
0034440             16164               0           16165               0
0034460             16166               0           16167               0
0034500             16168               0           16169               0
0034520             16170               0           16171               0
0034540             16172               0           16173               0
0034560             16174               0           16175               0
0034600             16176               0           16177               0
0034620             16178               0           16179               0
0034640             16180               0           16181               0
0034660             16182               0           16183               0
0034700             16184               0           16185               0
0034720             16186               0           16187               0
0034740             16188               0           16189               0
0034760             16190               0           16191               0
0035000             16192               0           16193               0
0035020             16194               0           16195               0
0035040             16196               0           16197               0
0035060             16198               0           16199               0
0035100             16200               0           16201               0
0035120             16202               0           16203               0
0035140             16204               0           16205               0
0035160             16206               0           16207               0
0035200             16208               0           16209               0
0035220             16210               0           16211               0
0035240             16212               0           16213               0
0035260             16214               0           16215               0
0035300             16216               0           16217               0
0035320             16218               0           16219               0
0035340             16220               0           16221               0
0035360             16222               0           16223               0
0035400             16224               0           16225               0
0035420             16226               0           16227               0
0035440             16228               0           16229               0
0035460             16230               0           16231               0
0035500             16232               0           16233               0
0035520             16234               0           16235               0
0035540             16236               0           16237               0
0035560             16238               0           16239               0
0035600             16240               0           16241               0
0035620             16242               0           16243               0
0035640             16244               0           16245               0
0035660             16246               0           16247               0
0035700             16248               0           16249               0
0035720             16250               0           16251               0
0035740             16252               0           16253               0
0035760             16254               0           16255               0
0036000             16256               0           16257               0
0036020             16258               0           16259               0
0036040             16260               0           16261               0
0036060             16262               0           16263               0
0036100             16264               0           16265               0
0036120             16266               0           16267               0
0036140             16268               0           16269               0
0036160             16270               0           16271               0
0036200             16272               0           16273               0
0036220             16274               0           16275               0
0036240             16276               0           16277               0
0036260             16278               0           16279               0
0036300             16280               0           16281               0
0036320             16282               0           16283               0
0036340             16284               0           16285               0
0036360             16286               0           16287               0
0036400             16288               0           16289               0
0036420             16290               0           16291               0
0036440             16292               0           16293               0
0036460             16294               0           16295               0
0036500             16296               0           16297               0
0036520             16298               0           16299               0
0036540             16300               0           16301               0
0036560             16302               0           16303               0
0036600             16304               0           16305               0
0036620             16306               0           16307               0
0036640             16308               0           16309               0
0036660             16310               0           16311               0
0036700             16312               0           16313               0
0036720             16314               0           16315               0
0036740             16316               0           16317               0
0036760             16318               0           16319               0
0037000             16320               0           16321               0
0037020             16322               0           16323               0
0037040             16324               0           16325               0
0037060             16326               0           16327               0
0037100             16328               0           16329               0
0037120             16330               0           16331               0
0037140             16332               0           16333               0
0037160             16334               0           16335               0
0037200             16336               0           16337               0
0037220             16338               0           16339               0
0037240             16340               0           16341               0
0037260             16342               0           16343               0
0037300             16344               0           16345               0
0037320             16346               0           16347               0
0037340             16348               0           16349               0
0037360             16350               0           16351               0
0037400             16352               0           16353               0
0037420             16354               0           16355               0
0037440             16356               0           16357               0
0037460             16358               0           16359               0
0037500             16360               0           16361               0
0037520             16362               0           16363               0
0037540             16364               0           16365               0
0037560             16366               0           16367               0
0037600             16368               0           16369               0
0037620             16370               0           16371               0
0037640             16372               0           16373               0
0037660             16374               0           16375               0
0037700             16376               0           16377               0
0037720             16378               0           16379               0
0037740             16380               0           16381               0
0037760             16382               0           16383               0
0040000
